1188 5485 1
0 1 35 25 10 88 5 111 5 278 15 521 5
1 110 20
2 1 85 2 30 3 5 25 65 33 10 37 30 61 25 63 10 83 10 88 60 161 15 485 20 593 55 613 5 938 10
3 3 400 5 100 11 30 15 50 19 25 25 935 33 10 36 10 38 10 44 80 50 300 52 30 60 20 61 55 69 5 85 20 90 15 101 30 111 5 117 15 128 60 130 10 144 15 161 1585 170 5 177 10 181 185 188 75 189 5 193 10 194 5 195 5 233 5 257 10 258 15 260 10 268 20 269 10 278 15 283 5 291 10 311 5 369 5 401 85 415 30 436 5 439 20 440 70 485 15 486 20 568 10 613 5 639 10 640 5 669 5 778 20 876 25 921 40 938 10 979 10
4 1 30 3 15 5 20 11 10 25 15 88 15 143 5 161 10 401 15
5 3 20 5 435 11 140 15 25 19 15 25 485 26 5 42 5 50 920 51 15 52 15 61 20 78 20 79 5 85 50 97 20 101 30 143 10 161 145 166 40 209 45 229 5 242 195 268 135 284 5 296 50 311 50 320 65 368 130 439 10 458 5 505 90 568 5 731 5 822 30 830 30 1025 5
6 1 240 7 5 19 10 25 10 61 155 88 20 97 5 395 10 631 5
7 25 20
8 9 5 25 25 728 45 1061 5
9 25 20
10 11 5 19 5 25 20 36 5 40 375 52 10 73 5 85 10 101 65 159 15 181 100 182 10 209 20 233 5 268 60 311 45 422 5 529 105 560 5 856 5
11 25 20
12 12 135 13 60 15 10 25 315 52 10 61 5 128 15 130 10 131 125 139 35 182 5 193 10 225 105 252 20 269 10 336 340 444 20 616 20 778 20 871 30
13 25 20
14 3 5 15 5 37 5 40 45 52 10 101 25 128 5 161 5 507 5 529 55 593 15
16 17 20 30 20 103 20 217 20
18 1 185 18 20 19 30 25 80 36 20 44 15 61 10 63 45 69 25 79 5 88 50 90 10 97 20 101 20 128 15 144 10 166 15 181 20 188 20 228 20 233 35 268 5 284 5 311 15 349 10 395 10 406 5 422 5 447 5 465 5 486 5 507 5 539 5 573 10 597 10 886 10
19 25 20
20 15 10 20 405 21 10 25 350 52 15 55 95 61 5 63 40 69 20 81 5 90 100 144 20 156 10 188 5 189 5 252 5 275 30 283 5 291 20 372 40 406 10 408 5 424 10 425 30 457 10 458 30 465 10 538 130 561 20 569 75 582 5 583 400 642 5 681 65 693 5 746 80 778 165 788 20 824 45 918 15 945 70 969 10 985 35 1025 5 1027 5 1074 10 1149 20
21 25 20
22 1 125 3 10 15 10 22 15 23 25 25 40 54 25 57 5 61 25 64 20 88 40 122 70 128 5 158 5 161 5 231 10 408 5 445 5 537 10 580 30 597 5 647 5 699 5 1143 25
23 25 20
24 25 20
25 222 20
26 15 25 25 320 26 300 27 20 44 15 52 15 61 15 69 25 89 15 90 45 144 5 151 5 156 5 167 5 188 5 218 10 283 25 291 5 296 720 297 5 350 5 422 10 427 5 428 5 520 20 543 5 544 5 599 35 667 35 774 65 803 5 885 15 1002 20 1047 5 1074 5
27 25 20 90 5 283 5 296 40 885 80
28 25 20
29 17 20 30 20 103 20 217 20 1137 20
31 25 15 31 5 32 10 106 35 178 20
32 25 20
33 25 20
34 25 95 34 45 35 5 101 20 117 10 192 15 242 75 372 5 414 15 889 180
35 25 20
36 3 25 5 45 11 55 13 10 15 35 19 50 25 955 36 590 38 10 42 5 44 50 50 10 52 30 61 65 69 5 73 5 81 5 85 75 90 5 97 10 101 50 105 5 111 5 117 30 128 95 130 10 139 10 143 50 144 10 161 55 177 10 181 1720 182 10 188 90 193 10 227 5 229 10 233 5 258 15 260 10 268 380 269 5 278 50 283 5 284 5 310 20 311 125 356 10 401 100 415 30 436 5 457 5 458 5 466 40 486 35 507 15 568 10 731 10 778 20 856 20
37 3 20 15 50 25 735 33 15 36 20 37 930 38 5 44 55 52 15 61 45 63 15 71 25 101 40 110 20 117 5 128 45 130 10 144 10 161 25 164 5 177 10 181 10 188 50 189 5 193 10 236 50 269 10 283 5 291 20 332 25 340 5 378 5 390 190 415 30 422 5 485 35 502 5 507 20 593 1995 597 5 610 10 613 30 725 50 731 15 778 20 938 50 955 5 965 40 1007 30 1025 5 1116 5 1144 5
38 332 20
39 40 20 52 10 61 5 101 20 189 5 529 50
40 15 30 25 10 40 315 42 5 52 10 101 40 125 5 159 125 222 20 392 280 422 40 458 5 530 110 596 25 597 5 630 10 780 20 899 5 1017 50 1058 5 1063 25 1078 10
41 25 10 41 15 42 5 61 20 422 5 530 25 582 5 591 50 645 110
42 458 20
43 1 55 25 55 42 5 44 15 83 10 88 20 182 5 188 15 323 5 408 20 431 5 457 5 856 5 901 5 945 15 993 5
44 15 5 25 185 44 130 52 15 61 100 69 5 71 5 90 10 101 20 144 75 158 5 162 25 188 415 284 10 356 10 447 5 486 25 637 50 670 100
45 15 5 25 195 45 45 46 35 52 15 58 20 59 15 61 15 137 15 346 10 514 25 592 5 713 100 873 25
46 25 20
47 25 30 47 15 48 10 61 5 522 15 820 25 998 50
48 25 20
49 25 45 49 30 52 10 61 5 66 10 136 15 274 55 995 15
50 25 20
51 25 40 51 25 52 10 61 15 350 5 568 160
52 1182 20
53 25 20
54 25 20
55 15 45 25 140 52 45 55 60 56 15 94 25 276 20 286 10 422 10 538 340 569 5 702 5 1172 15
56 286 20
57 25 10 52 10 57 15 61 5 101 5 699 55
58 25 45 45 5 52 10 58 50 59 15 61 15 101 5 514 5 592 120 827 20
59 25 65 59 5 514 60 603 20 704 20
60 3 10 15 20 25 95 52 10 60 45 61 5 161 40 170 10 257 15 756 10 757 10 1177 130
62 21 45 25 170 31 60 52 10 61 20 62 50 63 70 69 20 291 5 406 10 424 30 465 10 496 20 561 15 674 5 693 10 788 20 805 110 918 30 1027 35 1062 5 1074 30 1092 10
64 25 20
65 1 65 25 10 52 10 61 10 65 10 256 10 507 5
66 15 5 25 45 52 15 61 15 66 55 67 60 372 10 765 15 790 5
67 25 20
68 5 10 15 5 25 35 50 5 52 15 61 5 68 5 368 100
69 90 20
70 15 190 19 40 25 220 42 10 44 30 51 5 52 10 57 5 61 160 64 50 65 10 70 670 79 20 81 10 97 5 101 45 128 55 144 30 158 5 162 5 166 40 182 15 184 5 186 20 188 80 199 5 226 20 228 5 229 15 270 20 280 15 284 15 291 40 299 5 323 5 349 10 372 235 395 5 413 15 422 10 431 5 447 10 457 15 458 45 486 15 507 10 568 10 570 5 669 5 670 15 699 20 762 10 801 5 814 5 856 5 857 10 886 5 896 5 936 5 937 10 969 10 993 15 1026 10 1075 10 1091 15 1144 10
71 25 15 52 30 61 10 71 20 79 10 90 5 144 40 166 20 188 15 374 15 390 165 795 5 1117 15
72 1 65 11 55 13 35 19 10 25 25 36 5 61 10 72 50 73 5 81 10 83 5 85 75 88 40 97 10 101 10 105 5 139 5 143 20 181 75 268 145 401 45 856 5
73 15 5 19 20 25 30 52 15 61 15 73 5 323 5 1124 30
74 25 20 75 40 174 5 975 80
75 25 20
76 1 45 25 5 77 5 88 10 111 15 254 10 278 25 841 10
77 25 20
78 25 220 26 30 44 20 69 35 78 120 79 5 90 80 111 25 166 30 167 20 188 75 278 70 284 5 296 70 320 675 422 5 447 5 486 25 667 15 774 10
79 166 20
80 15 5 25 95 52 15 61 25 80 55 81 30 101 10 218 215 233 5 419 10 420 15 422 5 589 30 856 5 1144 5
81 25 20
82 1 50 25 30 69 5 83 15 88 10 90 5 101 10 252 10 280 10 539 5
84 25 15 52 10 61 5 416 10 417 25 535 5 672 20 745 45
85 5 30 11 530 15 20 19 25 25 215 50 45 52 25 61 10 73 10 85 240 97 25 101 30 117 15 143 15 179 5 181 5 182 20 194 5 195 10 209 20 268 80 311 45 369 5 401 65 731 10 856 10 990 10
86 15 5 25 35 52 5 61 5 96 5 321 50 863 5 1035 5
87 1 25 52 10 87 10 88 10 144 5 422 5 447 5
89 15 10 25 35 89 125 90 5 296 5 654 35
90 25 20
91 1 50 42 15 61 5 88 15 91 10 458 5
92 15 15 19 5 25 65 52 15 92 15 93 10 97 5 101 15 105 5 251 15 273 145 607 5
93 25 35 61 20 93 5 105 190 214 5 286 15 858 15 906 15 1065 15
94 15 10 25 275 52 10 55 65 61 5 63 30 94 60 275 15 276 15 422 15 447 5 538 170 681 25 702 270 803 10 917 65 981 5
95 1 80 15 5 19 5 25 35 34 10 35 10 36 25 44 15 61 5 83 15 88 60 95 50 97 5 181 25 188 5 192 5 268 15 280 20 311 45 403 20 414 15 889 100
96 15 5 25 70 52 5 61 5 86 15 96 10 266 5 321 10 532 5 863 80 1051 20 1112 5
97 7 5 13 30 15 10 19 395 25 260 52 20 61 20 64 5 93 5 97 70 98 10 101 10 105 5 134 5 142 5 144 5 158 5 226 25 461 50 508 30 570 5 666 5 695 5 892 5 1038 80
98 25 5 52 10 61 5 98 20 101 5 134 105 233 5
99 1 95 25 25 56 30 61 25 83 35 88 5 109 15 252 5 286 65 372 10 582 5
100 3 15 25 45 52 10 61 10 100 20 101 10 164 5 732 180
101 222 20
102 17 20 30 20 103 20 217 20
103 912 20
104 25 25 52 10 61 5 93 50 104 30 105 20 333 125 429 25 478 10 512 5 865 20 1103 5
105 25 20
106 25 20
107 25 20
108 25 55 52 10 61 15 108 45 109 15 578 15 582 5 706 90
109 25 20
111 25 185 61 20 111 25 138 5 158 5 173 25 174 20 229 5 272 15 278 205 521 25 841 10
112 1 30 61 35 88 10 109 25 113 20 372 5 422 5 582 5
114 25 25 42 5 61 5 114 5 303 5 847 40 1060 5
115 3 5 15 5 25 50 37 5 52 5 61 10 115 40 116 235 161 5 593 30 927 10
116 25 20
117 731 20
118 1 35 25 10 88 10 119 20 1107 25
119 25 20
120 25 40 121 40 589 10 868 120
121 25 20
122 25 20
123 1 130 3 5 25 80 44 10 53 55 69 5 81 5 83 15 88 30 90 15 101 5 123 5 156 35 161 5 169 10 188 35 230 5 235 5 379 10 436 25 438 5 495 5 530 10 589 25 703 10 869 10 1024 5 1099 45
124 25 20
125 376 20
126 3 15 25 130 37 15 53 15 61 5 126 70 161 25 189 25 342 15 593 5 703 310
127 3 15 40 215 52 10 101 60 127 10 128 25 161 15 189 5 332 25 507 15 529 100
128 25 20
129 12 5 15 35 25 230 61 5 129 50 130 10 131 20 180 180 193 10 206 30 207 60 225 10 251 5 269 5 273 30 336 50 431 10 607 5 778 20
130 778 20
131 25 20
132 1 200 25 45 37 85 61 155 83 5 88 20 101 10 133 265 237 5 238 10 422 5 593 145
133 25 20
134 25 20
135 3 20 5 15 11 120 12 15 15 20 25 260 50 5 52 15 61 5 85 40 128 20 130 10 131 5 135 110 143 25 161 15 179 245 193 10 225 5 283 5 336 15 400 40 401 55 405 90 778 20
136 25 270 45 10 46 10 49 10 52 10 58 15 59 15 61 30 66 15 101 5 136 60 137 30 274 45 514 35 713 20 827 20 947 15 995 210
137 25 20
138 25 90 61 5 97 5 111 15 138 5 139 5 278 5 431 5 444 5 616 5 932 165
139 13 360 15 5 25 105 52 15 61 65 85 5 105 5 139 85 182 5 323 5 431 10 856 25
140 1 35 3 5 15 15 25 20 37 5 44 15 61 30 88 45 140 45 280 5 422 5
141 1 125 19 5 25 55 61 30 64 40 83 30 88 25 97 5 141 45 142 35 280 30 326 25 372 10 413 5 471 15 525 5 797 90 813 15 940 5 1004 10
142 15 10 19 165 25 165 52 25 61 55 64 130 97 5 142 135 189 5 325 5 326 10 372 20 403 10 408 10 413 30 447 5 457 5 471 20 797 270 1055 30 1059 5
143 3 5 5 5 11 360 13 25 15 30 19 20 25 820 36 15 44 35 50 25 52 15 61 20 70 5 81 10 85 95 90 5 93 10 97 25 101 10 104 5 105 15 117 15 121 10 128 45 130 10 135 35 139 40 143 275 144 10 161 120 177 15 179 30 181 210 188 55 193 10 194 5 195 10 227 5 233 5 248 10 252 25 268 310 269 10 283 5 311 40 333 30 369 5 401 1570 415 30 422 5 436 5 444 10 486 15 612 45 616 10 688 20 731 5 778 20 856 10 990 5
145 1 120 25 5 61 55 88 85 145 15 150 35 235 10 269 5 413 15 452 15 686 20 851 5 879 5
146 52 10 81 10 101 5 146 25 147 5 262 825 291 5 312 360 367 10 370 35 447 5 477 35 517 1060 564 15 597 20 715 5 766 80 832 5 834 60 852 5 1130 5
147 103 20 217 20
148 25 20
149 1 320 3 30 5 30 25 70 44 10 50 35 61 230 69 10 79 20 88 25 90 25 161 90 166 20 188 15 229 5 284 5 486 25 804 475
150 52 10 101 10 150 25 603 15 682 30
151 25 5 151 5 599 20
152 15 5 16 20 40 120 52 10 61 5 101 15 152 85 153 10 159 20 216 15 262 30 312 20 392 5 477 30 517 65 545 10 576 20 736 10 755 5 766 90 834 5
154 155 20
156 25 30 44 15 61 5 69 15 156 90 188 10 1024 45
157 25 20
158 537 20
159 42 20 52 10 61 5 101 70 125 10 144 40 159 260 160 5 222 20 375 5 376 70 422 25 560 5 561 70 597 15 630 20 780 30 900 5 923 5 1063 10
160 376 20
161 25 20
162 25 25 52 10 61 10 162 15 670 35
163 25 15 163 5 164 5 380 5 566 40
164 25 20
165 1 330 19 5 25 85 36 60 44 10 61 255 69 10 79 20 88 25 90 25 166 20 181 100 188 15 252 10 268 40 284 5 311 60 486 30 908 605
166 25 20
167 25 5 52 10 61 10 167 15 667 10 774 115
168 1 60 25 75 53 10 61 20 88 40 126 30 168 35 169 25 230 25 495 15 703 15 949 5 1099 45
169 25 20
170 3 25 25 50 52 10 61 5 161 5 170 15 257 105 731 5 757 10
171 52 10 101 5 117 5 171 10 252 25 447 5 573 5 660 45 709 5 716 5
172 15 25 25 200 37 10 61 5 115 10 116 110 130 10 172 55 193 10 237 10 238 30 269 20 593 10 647 5 778 20 927 335
173 25 70 61 5 74 15 77 40 174 115 278 5 975 10
174 25 20
175 175 170 176 30 235 40 350 5 562 10
176 25 20
177 25 50 52 10 61 5 128 35 177 15 415 185 507 10
178 32 20
179 25 20
180 25 20
181 25 20
182 25 20
183 1 100 3 10 25 15 61 45 69 5 83 15 88 60 90 20 101 5 156 20 233 5 235 5 379 15 436 25 438 5 530 10 589 25 869 10 1024 5
184 25 50 61 10 184 10 185 15 350 5 1085 5 1091 105 1150 20 1152 10
185 25 10 570 5 1150 90
186 25 15 52 10 101 10 144 5 186 5 317 10 372 10 686 5
187 1 110 3 5 15 25 25 20 37 5 44 20 61 5 83 10 88 20 187 30 188 20
188 25 20
189 584 20
190 1 25 83 5 88 20 190 15
191 52 10 191 5 263 10 651 15 1114 20
192 15 10 25 70 34 10 61 5 69 5 90 5 130 10 192 95 193 10 228 5 229 10 268 5 269 5 311 5 414 220 778 20 889 50
194 5 5 11 10 25 65 50 20 52 10 61 30 85 10 194 20 195 5 369 5 647 5 990 150
195 25 20
196 1 25 25 5 83 10 88 10 325 5
197 1 140 19 15 25 55 36 50 44 30 61 20 88 20 97 5 101 5 128 45 181 55 188 10 197 35 198 65 227 10 268 10 302 90 311 20 474 20 507 15 791 40 802 35 988 110
198 25 5 97 20 198 30 791 50
199 25 20
200 25 20
201 25 55 66 10 201 15 202 10 430 75 487 5
202 25 20
203 1 80 3 20 5 65 11 60 25 50 36 10 44 20 50 45 61 5 79 5 81 5 88 60 101 5 128 5 143 25 161 40 181 70 188 20 203 30 235 5 268 40 401 40 507 5 668 5
204 1 50 25 5 61 10 88 5 204 5 205 5 305 5 341 5 603 15 689 5 704 50 726 5 839 5 984 5 1121 5
205 1053 20
206 25 35 92 20 180 5 207 120 273 25
207 25 20
208 15 60 42 10 52 10 98 5 101 10 175 215 208 45 209 5 235 50 350 80 422 5 562 5
209 15 10 19 20 25 60 52 30 61 10 97 5 98 335 134 15 209 60 233 5 456 175
210 15 5 25 35 35 5 51 10 52 5 61 5 101 20 210 80 422 5 440 175 731 15 1025 5
211 1 65 3 30 5 25 25 40 44 5 50 35 61 5 88 20 161 70 188 10 211 10 482 100 516 10 626 20 633 30
212 103 20 213 20 217 20 912 25
213 293 20
214 25 85 52 10 61 15 214 5 215 5 624 30 865 25 1016 20 1019 95
215 1016 25
216 17 20 30 20 103 20 217 20
218 25 20
219 25 85 44 10 61 5 90 10 188 5 219 20 249 10 350 15 436 5 462 30 574 25 589 10 609 30 663 225 675 25 685 5 785 10 982 15
220 1 35 25 5 83 10 184 5
221 1 35 25 5 61 5 88 30 101 5 221 10 269 5 372 40 485 15 613 10
223 1 40 25 15 36 30 88 25 128 5 181 10
224 25 5 101 5 1133 40
225 12 15 13 35 15 15 19 10 25 110 52 30 61 5 93 10 97 15 101 5 105 5 131 230 225 75 336 10 870 5 871 15
226 25 20
227 945 20
228 25 25 52 10 61 10 228 15 229 65 332 5 349 15 886 5
229 25 20
230 25 50 44 5 53 20 61 5 169 40 230 15 342 25 495 15
231 15 10 23 190 25 235 54 435 61 5 128 10 130 10 193 10 231 145 269 35 445 80 452 10 778 20
232 11 15 15 5 25 5 36 5 40 910 42 5 44 15 52 15 61 10 69 5 85 20 97 15 101 180 143 5 159 50 181 80 182 5 209 55 232 45 233 5 242 140 268 40 311 5 401 30 422 5 458 5 529 105 560 10 856 5
234 1 125 15 5 25 5 61 35 63 10 88 80 150 35 233 5 234 15 235 10 269 5 379 10 413 15 422 5 452 15 686 20 851 5 874 5 879 5
236 52 10 236 5
237 25 20 52 15 237 10 238 60 374 5 795 5 1117 10
238 25 20
239 1 45 25 20 83 20 88 10 240 10 542 5 960 5
240 157 20
241 1 30 25 10 36 5 88 5 101 5 111 5 181 5 268 10 278 30 311 35 521 40
242 25 5 52 10 61 10 184 5 228 5 242 105 422 5 642 5 911 15 1015 35 1091 5
243 1 100 3 10 25 50 33 15 37 15 61 20 88 25 101 5 161 120 243 105 280 10 485 15 593 130 613 25 732 10 938 5
244 245 20
245 15 10 561 10 923 30
246 25 45 44 45 52 10 61 15 69 75 71 5 79 50 90 185 101 25 166 70 188 160 246 195 283 5 284 30 390 10 476 15 486 45
247 25 15 35 40 52 10 64 5 247 5
248 11 30 19 40 25 90 44 5 52 10 61 20 85 5 90 15 97 40 104 5 120 15 121 295 144 5 248 75 324 10 333 15 350 15 401 25 892 10 1068 5
249 25 35 249 25 250 65 386 15 657 5 785 5
250 25 20
251 13 55 15 10 25 320 52 5 61 10 81 5 92 35 128 25 129 10 130 10 139 20 180 10 193 10 251 135 252 20 269 10 273 185 323 10 444 20 533 15 534 45 607 325 616 20 778 20
253 1 45 25 15 83 10 88 5 535 5 672 5 745 25 971 5
254 25 20 61 20 254 5 530 20 841 40 1000 5
255 1 35 25 5 83 10 88 5 256 5 301 55 1075 20
256 25 25 301 65 452 5
257 25 20
258 25 20
259 1 85 56 15 61 30 88 25 109 20 259 50 286 65 561 15 582 20 712 65 958 30
260 15 20 19 15 25 140 52 30 61 15 97 20 258 170 260 30 261 20 652 40
261 25 20
262 17 20 30 20 103 20 217 20
263 17 20 30 20 103 20 217 20 264 20
265 1 45 25 35 61 5 83 10 86 5 88 10 96 10 235 10 265 10 266 15 280 10 321 20 532 10 815 20 1035 55 1051 75
266 15 5 25 55 52 5 86 5 96 15 266 10 321 5 532 80 863 10
267 1 65 25 25 36 55 44 5 61 10 88 35 181 160 267 10 268 70 311 30
268 25 20
269 25 55 52 10 61 5 64 25 256 20 269 75 270 5 301 5 350 25 408 15 413 15 452 145 457 15 628 10 762 10 879 15 945 5
270 15 5 25 40 81 5 101 5 270 15 627 10 762 30 879 5
271 1 45 25 15 88 5 111 15 242 30 272 5 278 10 521 30
272 25 140 61 5 74 5 101 5 111 20 117 5 173 5 174 5 242 40 272 55 278 10 521 315 610 5 932 20 975 5
273 25 20
274 25 20
275 20 35 25 105 61 5 63 15 94 15 101 5 275 125 276 5 350 5 538 5 582 5 583 20 681 115 702 35 778 10 824 5 917 5 985 150
276 25 35 61 5 276 25 538 10 917 95 1030 20
277 17 20 30 20 103 20 217 20
278 25 20
279 1 60 25 5 61 20 88 15 280 10
281 1 55 15 15 25 5 37 25 88 5 236 10 593 15
282 1 115 13 120 25 25 61 10 88 10 92 10 101 5 139 40 251 10 273 30 282 10 283 5 431 10 607 20
283 511 20
284 25 40 52 10 61 5 79 15 188 5 284 15 486 75
285 1 95 25 20 56 50 83 5 88 25 286 65 393 5 561 10
286 25 20
287 25 40 52 10 59 15 61 15 287 30 288 5 338 10 424 15 514 10 545 5 671 10 880 55
288 25 50 52 10 59 15 61 5 287 15 288 5 339 150 514 5 671 15 818 60 880 15 1109 5 1165 10
289 25 95 26 5 52 10 61 5 69 10 78 15 90 10 289 45 296 20 320 15 422 5 447 5 830 30 1043 80 1129 5
290 1 80 15 10 25 20 61 10 69 25 80 5 88 25 90 25 156 30 218 5 290 10 291 25 438 5 454 15 589 30 1024 10 1129 10
291 81 20
292 25 10 52 10 61 5 144 5 283 5 292 15 848 70
293 294 20 742 20
295 25 30 52 10 61 20 295 5 496 20 690 5 767 40 1069 5
296 25 20
297 15 10 25 35 52 5 261 10 296 10 599 10 652 5 1002 80
298 17 20 30 20 103 20 217 20 883 20 1137 20
299 15 5 25 50 52 10 61 10 81 5 299 5 300 5 496 20 846 60
300 25 15 200 30 846 5 1073 20
301 25 20
302 25 5 52 10 61 5 302 5 988 80
303 25 10 799 15 1034 5 1060 80
304 1 35 25 5 58 5 88 5 592 5
305 1048 20
306 1 75 11 55 25 25 88 55 111 30 138 60 139 5 143 10 272 40 278 30 306 30 401 55 482 60 516 10 521 60 633 10 932 140
307 1 40 3 20 5 15 25 30 50 35 83 35 88 10 161 30 307 10 308 10 440 100 876 20
308 25 20 61 5 210 5 308 5 876 50
309 1 30 3 10 11 15 25 20 50 20 85 30 88 15 128 10 143 5 161 20 401 5
310 25 45 51 25 52 10 61 10 268 20 310 35 311 5 372 5 466 115
311 11 15 13 10 15 125 19 15 25 515 35 5 36 30 42 10 52 70 61 20 85 20 97 40 101 25 105 5 117 50 143 5 181 125 209 55 229 5 242 190 268 1050 310 10 311 440 332 5 356 10 401 10 458 10 562 5 610 15 731 80 1025 5
312 17 20 30 20 103 20 217 20
313 1 90 25 25 52 10 61 20 63 85 88 10 101 20 313 55 314 20 348 15 354 75 372 10 500 20 933 20 950 20 963 5 1089 10 1094 10 1128 5 1144 30 1160 5 1166 5 1175 15
314 354 25
315 1 55 25 20 83 15 88 5 416 5 417 10 535 5 672 5 745 25 971 5
316 1 95 25 25 61 10 69 10 81 20 88 40 90 50 121 40 156 80 248 30 291 25 316 5 438 10 589 45 1024 20
317 25 20
318 25 20
319 1 80 25 35 44 5 61 20 69 10 78 15 88 15 90 60 188 10 319 35 320 15 926 115
320 25 20
321 25 20
322 1 40 12 15 25 35 61 5 88 40 105 5 131 40 225 55 280 10 322 5 336 10 870 10
323 431 20
324 52 10 61 5 101 5 324 10 892 50
325 19 10 25 80 52 10 61 10 64 5 81 35 142 125 311 5 325 165 326 105 413 5 471 5 526 15 527 10 797 85 1023 570 1055 10
326 471 20
327 1 30 9 5 25 5 88 15 144 5 280 20 524 5
328 1 35 61 5 88 10 109 15 328 5 582 10
329 330 20
330 25 20
331 15 5 25 5 40 380 42 5 51 10 52 15 60 5 61 5 101 140 159 50 209 45 233 5 242 115 331 40 422 5 458 5 529 70 560 5
332 25 20
333 25 20
334 25 20
335 25 50 61 10 335 10 770 55 810 10 920 5 944 15 1037 10
336 25 20
337 15 30 25 220 33 10 37 25 52 15 61 15 130 10 193 10 269 5 337 145 350 10 485 20 593 45 639 5 640 275 669 20 778 20 857 10 938 5 979 75
338 25 35 52 10 61 5 288 15 338 15 339 5 671 65 880 5
339 25 20
340 15 5 25 155 33 20 37 95 38 5 52 10 61 10 71 10 100 30 161 10 164 55 340 45 380 35 390 10 422 20 566 10 593 140 732 110 1116 385
341 563 20
342 25 75 52 10 53 90 61 10 90 15 126 5 169 5 188 5 230 15 342 5 486 20 703 5
343 1 55 3 5 25 15 61 15 88 10 161 5 280 5 343 5 344 5 450 5 451 10 518 5 647 5 661 15 1014 5
344 25 20
345 25 20
346 25 15 45 15 52 10 61 5 137 30 346 20 713 10
347 25 20
348 25 20
349 15 5 25 50 52 5 61 5 184 5 228 15 229 5 349 10 350 5 395 5 886 65
351 52 10 61 5 351 10 352 10 636 20
353 25 15 52 10 61 10 90 5 144 5 213 5 277 20 353 15 365 65 560 5 766 30 771 10 852 5
354 25 20
355 52 10 61 5 350 5 601 20
356 19 5 25 35 61 20 97 5 356 10 884 5 996 40 1163 5
357 103 20 217 20
358 19 5 25 30 52 10 61 10 228 10 229 5 358 15 387 25 886 5
359 1 50 25 10 56 5 83 20 88 20 109 25 280 5 286 5 582 10 1145 10
360 15 15 25 85 42 15 52 15 61 20 101 5 350 5 360 90 458 15 581 10 590 5 798 15 954 195 1096 10
361 52 10 61 10 361 10 1102 20
362 1 20 88 10 280 20
363 25 10 363 75 364 385 422 25 447 5 597 5
364 25 20
365 25 20
366 15 15 25 105 52 10 61 25 81 5 120 5 121 20 248 10 291 5 366 45 454 10 496 20 515 10 620 5 823 40 868 10 959 50 1129 5 1155 75
367 103 20 217 20
368 25 20
369 5 15 11 80 25 200 50 65 52 10 61 40 85 15 101 5 195 515 268 165 311 40 369 85 647 5
370 17 20 30 20 103 20 217 20 264 20
371 1 155 25 15 61 110 88 25 101 10 115 10 116 125 172 5 237 10 238 15 422 5 927 65 1009 255
373 1 300 13 15 15 15 19 10 25 85 34 15 36 20 44 5 61 105 81 5 83 10 88 25 92 10 128 10 181 35 182 60 192 10 251 10 268 5 273 30 280 10 291 5 311 15 373 25 414 30 607 15 856 25 889 10 913 135 1115 5
374 25 25 52 20 61 5 79 15 166 5 374 10 795 35 851 5 879 5 1117 15
375 376 20
377 1 90 7 5 19 85 25 70 44 5 97 5 144 5 188 20 229 5 280 25 291 10 292 15 349 10 395 10 403 50 424 5 587 5 695 10 848 95 886 5 999 10 1068 15
378 3 20 15 10 25 100 37 10 52 20 61 5 101 25 128 5 161 10 378 40 507 5 593 35 725 135 731 10
379 744 20
380 25 20 61 10 100 5 164 55
381 1 90 25 40 36 50 44 10 88 35 97 20 181 20 188 10 268 10 311 20 381 5 382 15 488 35 1032 5
382 25 20 61 5 952 5 1032 40
383 15 30 25 15 51 10 52 45 61 25 79 10 101 5 166 50 383 45 384 15 422 20 568 140 597 10
384 25 20
385 1 45 25 20 88 10 386 5 567 5 609 10 675 60 785 50
386 25 55 61 5 98 15 134 5 249 10 386 5 675 5 785 65
387 25 20
388 25 10 61 5 345 30 388 10 644 10
389 25 20 52 10 101 10 246 235 374 5 389 115 390 35 476 160 602 35 755 5 795 10 905 20
390 25 20
391 1 80 25 40 45 5 59 15 83 5 88 15 101 10 107 10 288 10 391 10 514 5 603 5 682 10 689 5 713 25 827 35 995 10 1048 10
392 25 20 42 50 52 30 61 100 101 50 144 25 159 325 252 15 372 15 376 5 392 525 393 10 422 5 560 5 561 35 582 25 596 5 597 5 723 25 755 5 967 25 1017 20 1025 15
394 1 50 81 15 101 5 218 5 233 5 291 5
395 25 15 52 10 61 5 395 15 707 85 886 5
396 1 45 25 15 83 20 88 10 542 5 632 10 960 10
397 25 15 398 35 752 5 1073 20
398 25 20
399 15 5 25 35 52 10 61 10 167 5 399 20 698 45 774 15
400 11 50 15 5 25 45 52 25 85 25 179 10 400 5 405 135
401 25 20
402 1 105 25 30 61 45 83 10 88 10 184 5 349 15 402 20 403 15 587 5 707 15 886 5 1152 75
403 25 20
404 15 5 25 10 52 10 80 25 81 10 101 235 218 75 235 30 291 10 404 50 422 5 560 30
405 25 20
406 465 20
407 1 30 25 5 97 5 142 5 408 10 457 15
408 25 20
409 25 20
410 9 5 25 40 61 5 109 5 144 5 557 85 582 10
411 412 20
413 64 20
414 25 20
415 25 20
416 25 20 417 90 745 5
417 25 20
418 25 5 52 10 61 10 101 10 418 25 422 5 447 5 987 65
419 25 15 218 5 420 55
420 25 20
421 1 35 25 40 61 35 88 10 109 5 280 15 372 5 421 25 422 10 582 5 604 45 676 5 1110 5 1125 25 1136 5
422 942 20
423 40 15 52 10 101 35 159 5 242 60 529 35
424 693 20
425 20 5 25 20 52 10 55 10 61 5 425 10 538 5 583 35 746 80
426 25 20
427 25 5 427 5 428 20
428 25 20
429 25 20
430 25 20
431 25 20
432 1 55 3 30 5 15 25 25 26 5 44 5 50 10 61 5 88 30 161 10 280 10 296 20 432 20 667 5
433 1 50 56 5 61 25 69 25 88 40 90 15 144 30 393 5
434 1 25 25 5 83 10 88 15 144 5 280 10 434 5 435 5 469 20 547 5 548 5 718 5 875 85 1011 5 1071 5 1108 5 1130 15 1148 5 1158 10
435 875 20
437 1 45 25 10 83 10 88 10 815 10
438 25 40 420 5 589 55 783 100 1024 5
439 5 5 25 40 50 25 51 25 52 10 61 10 439 30 921 115
440 25 20
441 1 40 25 5 60 5 83 5 88 5
442 1 270 25 10 61 125 88 15 280 15 443 290
443 25 20
444 25 20
445 15 10 19 10 23 700 25 400 54 40 61 5 79 10 122 75 128 30 130 10 188 10 193 10 269 100 278 10 317 15 408 10 445 240 452 35 519 10 537 195 550 10 580 20 686 15 778 20 1049 10 1052 5 1168 5
446 15 5 25 5 52 10 101 10 119 5 144 15 293 30 422 5 446 25 447 5 463 20 573 5 742 30 957 25 1107 10
448 25 15 409 40 554 5
449 1 40 88 10 111 10
450 25 15 451 5 484 10 1014 35
451 25 20
452 25 20
453 25 20
454 25 15 52 10 61 5 289 20 454 10 1043 10 1129 35
455 1 45 25 5 36 25 61 15 83 15 88 40 181 10 455 5
456 25 20
457 408 20
458 25 20
459 25 20
460 25 30 97 20 460 5 461 50 776 15
461 25 20
462 25 90 61 5 249 10 350 15 462 10 567 15 657 145 663 5 675 5 785 5
463 52 10 61 10 144 5 235 5 597 5 833 25 893 20
464 1 40 20 25 25 5 88 20 90 15 583 25
465 25 20
466 25 20
467 1 40 61 20 88 15 280 25
468 1 120 25 15 61 75 88 35 189 10 584 15 1113 95
469 1174 20
470 52 10 245 50 470 5 1103 5
471 25 20
472 1 40 36 10 88 10
473 25 20
474 25 15 61 5 198 5 802 25
475 1 40 62 10
476 15 20 25 5 29 25 52 10 146 15 147 15 212 15 218 5 246 125 252 10 262 15 298 15 370 40 420 30 438 5 476 130 477 10 517 20 576 35 589 5 651 30 715 5 766 10 832 20 844 5 852 5 946 5 999 30
477 17 20 30 20 103 20 217 20 1137 20
478 25 5 479 65
479 25 20
480 480 15 502 20 597 10
481 1 35 25 35 83 5 88 10 100 5 161 5 164 10 340 25 380 5 481 5 732 35 1116 20
482 25 20
483 25 20
484 25 20
485 3 5 15 15 25 220 33 105 37 5 44 25 52 10 61 20 130 10 161 5 188 15 193 10 269 5 291 10 422 5 485 200 593 10 613 370 647 5 732 5 778 20 938 35
486 25 20
487 25 45 61 5 66 5 201 10 202 60 487 5
488 25 20
489 17 20 30 20 103 20 217 20
490 491 20
491 25 20
492 1 40 25 20 61 25 88 50 100 10 164 30 380 5
493 1 35 25 75 88 5 249 20 250 30 386 5 493 10 609 20 657 15 663 80 785 15
494 1 95 25 50 36 45 44 5 61 5 88 20 111 15 181 70 188 10 189 5 268 50 311 30 482 185 494 20 516 10 626 10 633 20
495 25 30 52 10 61 5 495 15 948 15 949 5 1099 25
497 25 5 144 5 497 5 498 85
498 25 20
499 1 45 61 25 63 95 88 5 499 40 500 20 1130 15
500 1130 20
501 1 30 83 15 88 15 109 10
502 37 10 52 20 502 15 1007 10
503 1 220 25 30 61 140 88 30 317 5 413 25 503 10 686 15 696 5 747 20
504 1 90 25 35 36 25 44 5 88 20 101 5 111 10 181 35 189 5 268 10 272 10 311 30 403 20 504 10 521 55
505 25 20
506 1 365 23 75 25 60 54 30 61 280 88 40 122 40 231 10 445 25 580 25 1054 255
507 128 20
508 25 20
509 25 20 61 5 509 10 974 25 1081 5
510 1 80 25 55 36 40 44 10 88 10 181 55 249 40 268 15 311 35 462 10 574 20 609 10 657 15 663 45 675 10 785 30
511 25 20
512 25 10 513 5 807 65
513 25 15 52 10 61 15 429 40 513 10 807 5 1103 5
514 25 20
515 823 20
516 15 10 25 90 61 10 90 5 130 10 193 10 229 5 269 5 482 15 516 35 626 15 633 160 778 20
517 17 20 30 20 103 20 217 20
518 25 30 50 30 161 45 344 140 451 10 921 15
519 25 20
520 25 15 26 5 52 10 61 30 101 5 399 10 520 35 530 20 667 135 698 20
521 25 20
522 1097 20
523 25 55 52 10 61 5 63 15 94 5 101 5 523 25 630 5 702 20 1132 20
524 9 60 25 35 52 10 61 10 410 5 524 10
525 25 25 61 5 940 5 1004 40
526 19 15 25 45 52 10 61 10 64 30 142 5 326 5 471 10 526 15 527 160
527 25 20
528 25 20
529 40 15 52 10 159 10 529 35 1058 20
531 25 15 61 5 453 155 473 5 531 25 930 20 935 5
532 25 20
533 25 15 52 10 61 15 273 5 533 5 534 50
534 25 20
535 25 15 61 5 416 5 535 10 745 60
536 25 60 52 10 61 10 536 20 537 65 597 5 655 60 1087 470 1104 35
537 25 20
538 25 20
539 691 20
540 1 35 88 5 219 10
541 1 55 25 10 56 5 61 5 280 5 286 10 542 10 632 15 842 5 960 10
542 842 20
543 25 5 543 5 544 20
544 25 20
545 25 20 545 10 546 50
546 25 20
547 548 20
548 895 20
549 25 20
550 25 20
551 1 60 25 10 88 5 115 5 116 25 172 5 351 25 352 10 551 20 1009 25 1151 70
552 1 175 25 20 61 115 73 5 88 20 252 5 323 5 431 5 553 50 1124 10
553 25 20
554 25 20
555 245 15 555 5 556 20 560 10 561 10 1044 10
556 52 10 245 20 470 35 556 25
557 25 20
558 25 15 61 5 531 10 558 10 986 30
559 1 35 25 10 78 5 83 10 280 5 296 5
560 561 20
562 25 5 176 65 1161 5
563 25 20
564 17 20 30 20 217 20 565 20
565 912 20
566 25 20
567 19 20 25 55 61 5 350 15 386 10 567 10 574 5 675 130
568 25 20
569 25 15 32 15 52 10 61 5 178 15 318 45 569 20
570 25 10 52 10 61 15 101 5 226 45 570 15
571 25 5 571 5 891 25
572 1 65 3 15 25 35 37 80 83 15 88 35 115 10 116 20 161 25 172 5 280 15 572 10 593 115 1009 40
574 25 20
575 1 35 25 5 83 5 627 15
576 146 15 147 15 213 5 262 85 277 5 312 55 357 60 370 35 477 10 489 5 517 100 564 15 576 80 577 20 651 5 697 20 832 15 912 10 1057 20 1114 10 1142 5
577 103 20 217 20
578 25 25 56 5 286 5 579 40 706 5
579 25 20
580 23 30 25 90 61 5 122 215 158 15 317 5 413 10 445 10 537 15 580 125 686 15
581 15 25 25 100 42 30 52 25 61 15 148 15 360 25 581 40 798 140 954 45
582 109 20
583 25 20
584 25 20
585 1 30 9 25 25 20 88 10 280 30 524 5
586 15 10 25 65 44 20 52 10 586 5 768 35
587 52 10 61 5 403 25 587 5
588 1 495 15 130 61 140 83 5 88 35 588 20
590 25 5 591 25
591 25 20
592 25 20
593 25 20
594 25 25 401 5 528 5 594 5 649 40 777 10
595 15 5 25 20 52 15 61 5 101 5 269 5 350 40 595 15 729 125
598 25 20
599 25 20
600 25 20
601 25 20
602 3 15 20 10 25 10 26 10 36 10 37 5 44 10 47 10 52 10 61 130 86 5 101 95 143 5 219 10 246 70 248 5 335 15 454 10 516 15 520 10 574 15 602 375 609 10 755 80 1074 10
603 704 20
604 25 20
605 52 10 101 10 152 30 422 10 530 5 605 15
606 40 85 51 10 52 15 101 25 159 5 210 5 422 5 440 10 529 35 560 5 606 40
607 25 20
608 1 55 25 25 36 20 44 5 88 10 181 30 268 5 311 20 574 45 609 5 675 10 785 20
609 25 40 61 10 219 5 350 15 567 5 574 185 609 10
611 1 35 25 5 83 10 90 5 755 15 905 10
612 25 20
613 25 20
614 25 30 52 10 61 5 101 15 447 5 614 5 615 20
615 25 20
616 25 10 444 85
617 1 175 25 15 61 30 63 10 83 10 88 60 150 30 233 5 379 25 388 5 422 5 453 75 531 100 558 5 597 20 617 60 638 60 644 125 659 60 701 290 730 40 744 35 874 5 928 30 991 5
618 1 35 25 15 36 5 88 5 173 5 174 60 181 20 268 20 311 55 975 35
619 52 10 244 5 245 10 555 5 619 15 967 10 1135 5
620 25 10 621 35 959 5 1073 20
621 25 20
622 1 410 25 15 26 5 61 365 88 20 252 5 296 5 1033 25
623 1 40 88 10 231 10
624 624 5 865 90
625 40 40 52 10 101 10 131 15 225 5 529 50 625 10
626 25 130 61 5 176 15 189 10 242 25 372 5 482 250 516 15 562 15 626 35
627 15 5 25 40 52 15 235 30 269 5 291 5 422 5 627 10 628 45 762 5
628 25 20
629 1 35 25 5 58 5 88 5 592 5
631 25 20
632 25 20
633 25 20
634 25 20 52 10 61 5 634 15 997 70
635 1 30 25 5 88 10 143 5 179 5 401 5
636 25 20
637 25 20
638 25 20
639 3 15 25 135 36 5 52 5 101 5 117 5 128 10 161 20 181 15 237 15 238 5 337 30 639 80 640 30 669 15 857 10 979 435
640 25 20
641 1 40 25 5 88 20 90 15 275 25 985 25
643 40 20 52 10 422 10 529 20
644 25 10 150 5 644 55 730 200
645 25 20
646 52 10 808 10
647 25 15 52 10 484 45
648 25 5 52 10 61 5 326 5 648 10 1055 55
649 25 20
650 25 20
651 17 20 30 20 217 20 264 20 565 20 883 20 1137 20
652 15 10 19 10 25 75 52 20 61 5 97 5 261 65 652 10
653 25 20
654 25 20
655 15 10 25 25 52 10 158 10 536 20 655 5 1104 325
656 25 5 52 10 61 5 101 5 144 5 554 30 656 15 1181 20
657 25 20
658 19 15 25 60 52 10 61 5 97 20 653 65 658 10
659 61 25
660 15 5 25 20 40 15 42 25 52 10 69 20 101 75 117 45 233 15 376 5 411 10 422 15 561 20 573 35 603 10 610 15 660 60 682 30 708 15 716 20 731 35 748 5 755 10 764 10 826 15 839 15 840 5 881 55 882 95 905 20 914 15 924 30 1008 60 1025 5 1050 85 1072 65 1146 15
661 25 10 350 10 451 40
662 1 35 25 15 83 5 369 5
663 25 20
664 1 40 25 10 88 10 558 10
665 1 260 25 50 44 10 61 125 69 20 79 20 88 15 90 130 166 90 188 60 284 10 486 65 637 535
666 19 5 25 15 52 10 61 10 666 10 1059 100
667 25 20
668 25 5 350 5 668 15 743 100
669 25 20 52 10 61 5 669 10 857 30
670 25 20
671 25 20
672 25 15 672 10 745 10
673 25 10 52 10 64 10 97 20 158 10 209 5 372 10 673 5
674 25 15 805 5 1029 35 1073 20
675 25 20
676 1 65 25 20 56 5 61 5 88 15 109 35 280 10 286 305 372 5 582 10 676 15 799 25 1034 5 1145 10
677 25 15 678 5 733 35 1073 20
678 25 20
679 25 10 52 10 61 5 148 50 581 5 679 20 798 5
680 25 10 751 20
683 1 35 3 5 15 5 25 15 88 5 161 15 257 15
684 25 15 61 5 685 5 925 25
685 25 20 61 5 570 5 598 10 685 5 982 25 1176 5
686 317 20
687 52 10 61 5 687 40 978 80
688 11 10 25 30 52 10 61 15 612 70 688 5
689 107 20
690 25 20 61 10 497 5 600 55 690 15 691 5 789 25
691 25 20
692 1 30 25 5 88 10 101 20 422 5 750 45
693 25 20
694 1 45 25 5 88 10 219 10 574 5 609 5 663 10 684 5 982 10
695 25 35 52 10 61 5 695 10 1068 55
696 25 20
697 17 20 30 20 217 20 565 20
698 25 20
699 25 20
700 25 20
701 25 20
702 25 20
703 25 20
704 25 20
705 1 40 61 5 108 15 372 5 578 10 706 10
706 25 20
707 25 20
708 709 20
710 1 45 25 5 83 10 280 5 536 5
711 1 35 25 5 83 5 88 35 101 5 109 5 144 5 233 5 422 5 446 40
712 25 20
713 25 20
714 40 50 52 10 529 75
715 217 20 565 20
716 708 20
717 1 70 25 25 83 25 88 10 158 5 280 25 413 5 443 10 537 85 696 10 717 10 970 15 1045 15 1052 5
718 1108 20
719 25 5 720 25
720 25 20
721 1 40 25 5 88 10 388 10
722 1 35 25 10 78 5 83 15 88 10 278 5 280 5
724 37 10 502 125 593 45 597 10 724 15 965 55
725 25 20
726 727 20
727 25 20
728 25 20
729 25 20
730 25 20
732 25 20
733 25 20
734 25 5 734 10 735 45 849 25
735 25 20
736 25 15 736 30 737 20 1010 30 1161 5
738 739 20
739 25 20
740 25 20
741 1 30 25 5 61 30 88 5 1130 20 1179 5 1180 70
743 25 20
744 25 20
745 25 20
746 25 20
747 25 20
748 749 20
749 25 20
750 25 15 459 25 750 15 1009 150 1039 290
751 25 20
752 25 20
753 754 30
754 25 20
755 905 20
756 25 25 60 20 756 5 757 60
757 25 20
758 25 10 759 435
759 25 20
760 1 40 25 10 88 15 143 5 649 5 761 5
761 528 20
762 25 20
763 25 5 763 5 1041 20
764 52 10 101 20
765 25 20
766 17 20 30 20 103 20 217 20
767 25 20
768 25 20
769 1 70 3 20 5 20 25 40 44 5 50 5 86 5 88 5 161 20 321 20 815 5 1035 20
770 25 20
771 25 20 365 10 772 100
772 25 20
773 1 20 422 5
774 25 20
775 1 35 25 10 78 5 83 10 90 5 188 5 280 5
776 25 10 97 5 508 20
777 11 10 25 15 649 5 994 40
779 1 50 25 10 88 5 287 5 288 5 372 5 671 5
780 1098 20
781 1 30 25 5 36 5 88 10 181 10
782 1 35 25 5 88 5 219 5
783 25 20
784 1 35 25 15 88 5 574 5 609 5 663 5
785 25 20
786 25 20
787 25 20
788 25 20
789 25 5 789 10 1084 20
790 765 20
791 25 20
792 1 40 25 10 83 10 88 10 280 10 524 5
793 25 20
794 25 10 52 10 61 5 136 5 287 5 740 55 794 15 995 10
795 25 20
796 1 45 25 20 26 20 61 5 83 30 88 75 144 5 167 10 296 35 774 10
797 25 20
798 25 20
799 25 20
800 1 35 70 40 83 5 88 65 144 5 280 15 801 5
802 25 20
803 25 20
804 25 20
805 25 20
806 1 25 83 10 88 10 280 10
807 25 20
808 52 10 808 15 809 5
810 25 20
811 1 20 83 10 88 20 280 10
812 1 60 19 125 25 30 61 15 88 20 97 35 258 10 260 10 261 25 812 30
813 25 20
814 15 5 25 65 52 10 61 15 81 5 496 20 677 5 678 80 814 5 1077 5
815 25 50 61 5 1035 50 1051 5 1112 10
816 817 20
817 25 20
818 819 20 1109 20
820 25 10 48 40 61 5 820 20 998 10 1025 5
821 15 5 25 10 52 5 347 35 821 5
822 25 15 50 5 52 10 61 5 505 50 822 10
823 25 20
824 15 5 25 35 42 5 52 5 824 10 1149 135
825 25 20
826 709 20
827 52 10 827 45 828 10
828 25 20
829 25 5 829 5 830 20
830 25 20
831 1 20 19 5 83 15 88 25 456 10
832 213 20 833 20
834 17 20 30 20 103 20 217 20
835 25 5 836 20 872 5
836 25 20
837 1 20 88 10
838 52 10 422 10 838 105
839 840 20
840 25 20
841 25 20
842 25 20
843 52 10 61 5 650 20 843 5
844 17 20 30 20 103 20 217 20
845 1 115 61 45 64 15 88 30
846 25 20
847 25 20
848 25 20
849 52 10 849 20
850 25 10 144 10 816 5 817 5
851 879 20
852 17 20 30 20 217 20 565 20
853 25 15 52 10 61 5 334 75 848 60
854 40 30 52 10 101 5 529 50
855 15 5 25 5 52 5 1083 45
856 182 20
857 25 20
858 25 20
859 24 40 25 30 860 10
860 25 20
861 37 10 236 5 502 85 593 115 861 5 965 50
862 144 5 862 40
863 25 20
864 700 20
865 25 20
866 1 35 45 10 88 5
867 40 30 52 10 159 5 238 5 529 35 867 5
868 25 20
870 25 15 52 10 61 15 131 5 870 5 871 50
871 25 20
872 25 15 786 35 836 5
873 25 20
874 1 70 52 10 61 10 64 5 88 20 101 5 595 5 729 30 874 25
875 25 20
876 25 20
877 1 45 61 5 88 20 874 5 877 15
878 1 150 12 10 25 30 61 85 88 30 97 5 104 15 105 15 131 10 225 5 333 10 336 15 1012 100
879 25 20
880 25 20
881 881 5 882 20
882 101 20
884 1163 20
885 25 20
886 25 20
887 1 45 61 10 88 50 235 10 452 10 887 15
888 3 5 15 25 25 80 36 5 52 25 54 10 161 10 181 10 278 10 793 210 825 20 888 10 1042 5
889 25 20
890 1 50 3 10 5 5 25 10 36 10 88 15 161 15 181 10 311 5
891 25 20
892 25 20
893 1154 20 1162 20 1184 20 1187 20
894 40 40 52 10 101 10 529 60
896 897 20
897 25 20
898 1 170 61 125 88 20 902 10
899 787 20
900 376 20
901 25 20
903 1 30 25 5 88 10 582 5
904 25 5 904 5 1064 60
905 25 20
906 25 20
907 750 25 893 20 907 20 919 5 939 5 943 25
908 25 20
909 25 10 52 10 61 10 69 15 101 15 422 15 447 5 695 5 909 15 1068 15 1173 10
910 1 50 88 10 136 10 201 10 487 10
912 832 20
913 25 20
914 915 20
916 25 20
917 25 20
918 25 20
920 52 10 61 5 920 10 1037 20
921 25 20
922 597 5 922 5
924 25 20
925 25 20
926 25 20
927 25 20
928 388 25 558 25 638 75 928 5
929 25 15 848 5 1028 25
930 25 10 150 5 473 90 930 5
931 52 10 144 20 816 5 817 5 850 35 931 30
932 25 20
933 348 40
934 549 20
935 696 20
936 937 20
937 25 20
938 3 20 25 100 33 210 37 15 61 10 161 45 485 15 593 15 613 10 938 35
939 52 10 939 45
940 813 25 1004 5
941 52 10 63 10 113 15 941 10
944 25 15 770 5 810 40 944 20 1037 15
945 25 20
947 25 20
948 949 20
949 25 20
950 25 20
951 25 20
952 488 20
953 25 20
954 25 20
956 1 30 3 10 88 10
957 742 20
958 712 20
959 25 20
960 632 20
961 1 40 25 5 83 5 88 10 269 5 452 5 1075 20
962 1 35 25 5 68 20 83 5
963 1186 20
964 25 5 61 5 124 25 964 5
965 25 20
966 25 20
968 25 20
970 1052 20
971 25 20 61 5 280 10 535 5 971 5 1003 35
972 1 30 25 10 44 10 88 10 188 5
973 40 10 101 15 529 20
974 25 20
975 25 20
976 977 20
977 25 20
978 52 10 978 65 1058 15
979 25 20
980 1 30 25 10 26 15 83 5 88 10 296 10
981 25 15 702 5 983 35
982 25 20
983 25 20
984 916 20
985 25 20
986 25 20
987 25 20
988 25 20
989 1 35 3 5 37 5 83 5 88 10
990 25 20
991 701 20
992 25 35 52 10 61 15 397 5 496 20 752 35 992 5
993 901 20
994 25 20
995 25 20
996 25 20
997 25 20
998 25 20
1000 25 15 61 5 77 35 1001 5
1001 75 30
1002 25 20
1003 25 20
1004 25 20
1005 40 10 529 20
1006 1 30 15 5 25 5 83 5 702 5
1007 52 10 965 135 1007 5
1008 826 20
1009 25 20
1010 25 20
1011 1100 20
1012 25 20
1013 1 30 25 5 88 15 280 10
1014 25 20
1016 25 20
1017 1017 5
1018 1 25
1019 25 20
1020 1 85 25 25 61 35 88 15 400 5 405 25 1056 60
1021 25 20
1022 1 55 12 5 13 25 25 15 61 15 88 10 131 5 225 10 280 5 870 5
1023 25 20
1024 25 20
1025 252 20
1026 199 20
1027 21 20
1028 25 20
1029 25 20
1030 25 10 1030 20 1123 45
1031 40 25 52 10 529 35
1032 25 20
1033 25 20
1034 799 20
1035 25 20
1036 459 10 750 10 907 35 1039 20
1037 25 20
1038 25 20
1040 1 35 61 25 1040 215
1041 25 20
1042 25 25 793 10 825 30
1043 25 20
1045 443 20
1046 1 35 88 5 888 15
1047 28 20
1048 25 20
1049 25 20
1050 709 20
1051 25 20
1052 25 20
1053 25 20
1054 25 20
1055 25 20
1056 25 20
1057 217 20 565 20
1059 25 20
1060 25 20
1062 1092 20
1063 376 20
1064 25 20
1065 25 20
1066 1 35 25 10 177 15
1067 1 35 25 15 83 5 194 5
1068 25 20
1069 25 15 767 5 1021 30 1073 20
1070 25 20
1072 1050 20
1074 918 20
1076 25 5 40 10 226 5 529 20 570 5
1077 1159 20
1078 222 20
1079 1 45 25 5 88 10 859 5 860 30 1095 10
1080 25 20 158 5 1049 25
1081 1082 20
1082 25 20
1083 25 20
1084 25 20
1085 1152 20
1086 25 15 848 5 1070 25
1087 25 20
1088 154 20
1090 1 35 25 5 61 5 81 5 83 5 88 5 109 5 286 10 582 5 1090 5
1091 25 20
1092 25 20
1093 384 20
1094 950 40
1095 25 15 61 5 859 5 860 25
1096 25 10 329 5 1096 25 1153 210
1097 25 20
1099 25 20
1101 25 20 97 20 1038 40
1102 25 20
1103 252 20
1104 25 20
1105 40 10 101 15 529 20
1106 502 25
1107 119 20
1108 1139 20
1109 1126 20
1110 604 20
1111 154 20
1112 1051 55
1113 25 20
1114 17 20 30 20 103 20 217 20 883 20
1116 25 20
1118 52 10 101 10 422 10 1118 5
1119 1120 20
1120 25 20
1121 953 20
1122 40 70 52 10 101 10 242 15 529 40
1123 25 20
1124 25 20
1125 25 20
1126 1127 20
1127 1165 20
1129 25 20
1130 25 20
1131 25 5 968 20 1131 5
1133 25 20
1134 1 35 25 5 58 5 88 5 592 5
1135 556 45
1136 1125 20
1138 1 35 25 15 61 5 88 40 350 5 758 10 759 40
1139 469 20
1140 7 25 52 10 61 5 101 5 1140 5
1141 1 20 660 5
1142 103 20 217 20
1143 25 20
1146 1147 20
1149 25 20
1150 25 20
1152 25 20
1153 25 20
1156 61 5
1157 1157 30
1159 25 20
1163 25 20
1164 951 30
1167 25 20 158 5 550 35
1168 966 20
1169 803 20
1170 1170 5
1171 1171 30
1176 598 20
1177 25 20
1178 924 20
1179 1180 20
1180 25 20
1183 788 20