1188 5485
 477 217 1137 17 30 103
 887 88 1 887 61 452 235
 717 537 1 83 280 25 970 1045 696 717 443 88 1052 158 413
 442 443 1 61 280 88 25
 1138 759 88 1 25 758 350 61
 243 25 613 88 61 593 161 243 1 485 33 37 280 732 3 938 101
 221 372 1 88 485 221 613 269 101 25 61
 316 1 156 90 589 88 121 248 291 25 81 1024 438 69 61 316
 941 113 63 52 941
 277 30 103 17 217
 551 1151 1 116 351 1009 551 25 352 88 115 172
 572 37 1 1009 25 88 161 116 593 3 280 83 115 572 172
 370 30 103 264 217 17
 812 1 97 812 25 261 88 19 61 260 258
 43 1 25 88 408 44 945 188 83 856 323 901 182 457 993 431 42
 972 1 25 44 88 188
 187 187 15 44 88 25 188 1 83 37 61 3
 279 1 61 88 280 25
 989 1 88 3 37 83
 715 565 217
 29 217 30 17 103 1137
 1134 1 58 25 592 88
 629 1 58 592 88 25
 827 827 52 828
 773 1 422
 1141 1 660
 1031 529 40 52
 867 529 40 52 867 159 238
 894 529 40 52 101
 529 529 1058 40 159 52
 714 529 40 52
 10 101 268 311 40 209 25 529 181 159 52 85 182 856 422 233 73 19 11 36 560
 625 529 40 131 625 52 101 225
 331 529 159 209 331 40 101 242 52 51 61 15 233 25 60 458 42 422 560
 606 40 606 529 101 52 440 51 159 560 422 210
 973 529 101 40
 232 40 181 209 159 232 268 401 85 101 242 529 11 97 52 44 61 560 182 311 143 422 458 69 233 42 856 36 25 15
 127 101 40 128 332 529 161 3 507 52 127 189
 14 529 40 101 593 52 507 37 128 15 161 3
 854 529 40 52 101
 1076 529 40 25 226 570
 1105 529 101 40
 1122 40 529 242 52 101
 643 40 529 52 422
 423 242 529 101 40 52 159
 1005 529 40
 39 529 40 101 52 189 61
 963 1186
 882 101
 259 1 712 286 259 61 958 88 109 582 56 561
 117 731
 52 1182
 285 1 286 56 88 25 561 83 393
 99 1 286 83 56 61 25 109 372 582 88 252
 367 103 217
 769 1 25 321 161 3 5 1035 88 50 44 815 86
 265 1051 1035 1 25 321 815 266 265 532 88 235 96 280 83 86 61
 437 1 25 815 88 83
 377 848 1 19 25 403 280 188 292 1068 395 999 291 695 349 7 97 229 424 144 886 44 587
 811 1 88 280 83
 912 832
 956 1 88 3
 623 1 88 231
 472 1 88 36
 449 1 88 111
 1079 1 860 1095 88 859 25
 223 1 36 88 25 181 128
 196 1 88 83 325 25
 141 797 25 141 64 142 83 280 61 326 88 1 471 813 372 1004 97 940 413 525 19
 866 1 45 88
 101 222
 327 1 280 88 524 9 144 25
 362 1 280 88
 585 1 280 9 25 88 524
 792 1 280 25 88 83 524
 1017 1017
 646 808 52
 893 1162 1154 1184 1187
 548 895
 84 745 417 672 25 52 416 61 535
 220 1 83 184 25
 560 561
 381 1 36 25 488 88 181 311 97 382 44 188 268 1032 381
 197 302 198 181 25 36 128 791 197 802 44 61 88 311 474 1 988 507 19 188 268 227 97 101
 710 1 83 536 25 280
 1066 1 177 25
 957 742
 130 778
 65 1 61 52 256 65 25 507
 523 25 523 1132 702 63 52 61 630 94 101
 123 25 53 1099 188 156 88 589 436 1 90 83 379 169 44 869 530 703 69 101 235 1024 3 161 123 438 230 81 495
 168 25 1 1099 88 168 126 230 169 61 495 703 53 949
 293 742 294
 832 213 833
 394 1 81 291 101 233 218
 1108 1139
 806 1 280 88 83
 434 875 1 469 1130 88 280 83 1158 1071 435 144 548 1148 718 434 547 1108 1011 25
 422 942
 922 597 922
 1139 469
 211 161 1 25 50 633 3 5 626 88 482 516 188 211 44 61
 494 1 181 268 25 36 311 88 633 494 482 111 188 626 516 189 61 44
 1171 1171
 877 1 88 877 61 874
 808 808 52 809
 1111 154
 191 1114 651 52 263 191
 862 862 144
 874 1 729 874 88 52 61 101 595 64
 617 453 88 659 638 617 730 744 928 61 150 701 379 597 1 644 531 25 63 83 233 991 558 388 874 422
 659 61
 234 88 150 61 686 1 234 452 413 63 379 235 422 269 879 15 851 874 25 233
 1114 217 103 17 883 30
 1109 1126
 818 1109 819
 213 293
 159 376 561 101 144 780 159 422 630 42 222 597 1063 125 52 923 61 375 160 560 900
 780 1098
 40 1017 422 101 40 15 392 596 1063 222 780 159 530 52 1078 25 630 597 125 42 1058 899 458
 392 392 101 42 159 561 52 723 967 582 144 1017 25 61 252 372 1025 393 376 422 596 560 755 597
 1078 222
 152 766 152 517 262 477 576 159 16 312 40 101 216 153 736 545 52 834 755 61 392 15
 605 152 605 422 101 52 530
 660 882 1050 101 1072 660 1008 881 117 573 731 924 682 42 905 25 561 716 69 233 708 1146 610 40 826 422 914 839 755 52 764 603 411 748 15 376 840 1025
 881 882 881
 764 101 52
 171 660 252 52 171 709 101 447 573 716 117
 489 17 217 30 103
 102 17 217 30 103
 834 17 217 30 103
 357 103 217
 852 565 17 217 30
 577 217 103
 212 912 217 213 103
 547 548
 469 1174
 1185 548
 216 30 103 17 217
 564 565 30 17 217
 687 978 687 52 61
 978 978 1058 52
 503 88 25 1 413 747 61 686 503 696 317
 371 927 1009 88 1 116 61 238 25 115 101 237 172 422
 665 166 486 188 637 25 1 69 79 90 61 88 44 284
 319 1 90 25 319 61 926 88 320 78 69 188 44
 468 1113 61 88 1 584 25 189
 903 1 88 582 25
 506 23 25 122 88 1 54 61 1054 580 445 231
 1020 1 1056 61 405 25 88 400
 878 61 88 25 1 1012 104 105 336 333 131 12 97 225
 149 161 25 804 1 50 5 3 61 486 90 88 79 166 188 44 69 284 229
 552 553 25 88 1 61 1124 323 431 252 73
 165 25 908 36 311 268 1 486 61 88 90 79 166 181 188 44 252 69 284 19
 132 37 25 133 1 88 61 593 238 101 422 83 237
 6 1 88 61 19 395 25 97 7 631
 898 88 1 61 902
 622 1 61 1033 88 25 252 296 26
 705 1 108 706 578 61 372
 1018 1
 800 88 70 1 280 801 144 83
 635 1 88 401 179 25 143
 4 1 5 88 25 3 401 11 161 143
 72 181 85 1 11 72 401 88 13 25 143 268 97 81 101 61 19 83 36 105 856 139 73
 651 1137 217 883 30 565 17 264
 322 225 131 1 88 25 12 870 336 280 322 61 105
 1022 1 13 25 61 225 88 870 280 12 131
 845 61 88 1 64
 307 1 50 83 161 25 3 876 440 5 308 88 307
 309 1 85 161 25 50 88 11 3 128 401 143
 203 1 181 5 88 11 25 50 268 161 401 203 143 3 44 188 36 61 128 668 101 79 81 507 235
 22 122 88 25 580 61 54 1143 23 64 1 22 15 231 537 3 445 128 158 57 161 597 699 647 408
 683 1 161 25 257 3 88 15
 183 88 61 589 436 90 156 1 379 83 25 3 869 530 69 101 235 233 1024 438
 2 1 25 88 593 37 2 61 485 161 83 63 33 938 3 613
 1103 252
 910 1 88 201 136 487
 263 30 103 264 217 17
 962 1 68 25 83
 118 1 1107 119 88 25
 775 1 25 83 188 78 90 280
 722 1 83 88 25 278 78 280
 559 1 25 83 296 78 280
 697 30 217 565 17
 692 750 1 101 88 422 25
 1034 799
 1179 1180
 490 491
 158 537
 900 376
 299 846 25 496 61 52 299 81 300 15
 300 200 1073 25 846
 413 64
 1045 443
 935 696
 970 1052
 679 148 679 25 52 798 581 61
 1080 1049 25 158
 634 997 25 634 52 61
 47 998 25 820 522 47 48 61
 758 759 25
 690 600 789 25 690 61 497 691
 295 767 25 496 61 52 1069 690 295
 1069 1021 1073 25 767
 789 1084 789 25
 497 498 25 144 497
 485 613 938 25 485 44 778 61 33 15 188 193 593 291 130 52 732 647 269 422 3 161 37
 938 161 938 33 3 25 593 37 485 61 613
 248 25 248 19 97 11 121 401 61 120 333 350 90 52 892 324 144 44 1068 85 104
 120 25 121 868 589
 324 892 52 324 101 61
 175 235 176 175 562 350
 1067 1 25 194 83
 662 1 25 369 83
 424 693
 214 1019 25 624 865 1016 61 52 215 214
 624 865 624
 93 25 61 105 286 858 906 1065 93 214
 104 93 104 429 25 865 105 333 52 478 61 512 1103
 964 124 964 25 61
 215 1016
 374 795 25 52 79 1117 374 879 851 166 61
 237 238 25 52 1117 237 374 795
 172 172 927 238 25 15 778 269 116 593 193 130 115 237 37 61 647
 115 25 115 593 116 61 927 15 52 161 3 37
 750 1039 459 1009 25 750
 351 636 352 52 351 61
 652 25 261 52 19 652 15 97 61
 976 977
 260 652 260 52 261 97 15 258 25 19 61
 44 144 637 188 486 162 101 25 44 670 61 52 356 284 90 69 447 15 71 158
 614 25 615 101 52 61 447 614
 284 486 25 284 79 52 188 61
 355 601 52 61 350
 71 144 52 71 166 390 1117 188 374 25 79 61 90 795
 162 670 25 162 52 61
 361 1102 52 361 61
 934 549
 270 25 762 270 627 81 879 15 101
 1167 550 25 158
 337 979 593 15 640 25 37 485 778 669 337 61 52 130 33 193 350 857 269 938 639
 669 857 25 52 669 61
 639 639 979 640 337 161 25 181 237 669 3 857 128 36 117 238 101 52
 958 712
 753 754
 297 1002 25 296 599 15 261 52 652
 247 35 25 52 247 64
 353 365 766 277 353 25 61 52 771 90 852 213 560 144
 771 25 772 365
 571 891 25 571
 418 987 418 61 101 52 422 25 447
 820 48 820 25 998 1025 61
 291 81
 851 879
 736 736 1010 737 25 1161
 1096 1153 1096 25 329
 56 286
 815 1035 25 1112 1051 61
 96 863 25 1051 86 96 321 532 61 1112 52 266 15
 266 532 25 96 266 863 15 321 52 86
 1112 1051
 86 321 25 863 1035 15 96 52 61
 929 1028 25 848
 292 848 292 52 25 144 61 283
 853 334 848 25 52 61
 1086 1070 25 848
 289 25 1043 289 830 296 320 78 90 69 52 447 61 422 1129 26
 136 136 274 514 61 137 25 995 827 713 66 947 59 58 46 52 49 45 101
 49 274 25 49 136 995 52 66 61
 189 584
 142 61 1055 413 797 52 471 372 25 19 142 64 408 326 403 15 457 97 189 1059 325 447
 325 797 25 1023 81 325 142 326 526 1055 52 19 527 61 471 64 413 311
 326 471
 526 25 64 527 526 19 471 61 52 326 142
 525 1004 25 940 61
 940 813 1004
 522 1097
 936 937
 45 45 46 873 514 58 25 713 52 61 59 137 346 15 592
 346 137 346 45 25 52 713 61
 1164 951
 38 332
 524 9 25 524 52 61 410
 410 557 25 582 61 9 109 144
 8 728 25 9 1061
 1118 422 52 101 1118
 184 25 1150 1091 185 61 1152 184 1085 350
 185 1150 25 570
 1085 1152
 536 537 655 25 1087 1104 536 52 61 597
 655 1104 25 536 52 15 158 655
 382 1032 25 61 952
 952 488
 474 802 25 61 198
 302 988 52 302 25 61
 198 791 198 97 25
 931 850 931 144 52 816 817
 850 144 25 817 816
 816 817
 507 128
 177 25 128 415 177 52 507 61
 948 949
 495 25 1099 948 495 52 949 61
 230 25 169 342 53 495 230 61 44
 342 53 25 486 90 230 61 52 188 342 169 126 703
 126 126 703 189 161 25 53 37 3 342 593 61
 779 1 25 372 288 88 671 287
 896 897
 686 317
 435 875
 140 88 140 1 61 25 44 15 280 422 3 37
 1057 217 565
 1101 1038 97 25
 647 484 25 52
 595 350 25 729 52 595 15 101 269 61
 542 842
 719 720 25
 835 836 25 872
 872 786 25 836
 57 699 57 52 25 101 61
 360 360 25 61 954 15 52 798 42 458 581 1096 350 101 590
 590 591 25
 151 599 25 151
 904 1064 904 25
 909 422 909 101 69 1068 52 1173 25 61 695 447
 545 546 25 545
 1095 860 25 61 859
 859 24 25 860
 66 67 66 25 52 61 765 372 15 790
 578 579 25 286 706 56
 790 765
 821 347 25 821 15 52
 303 1060 799 25 1034
 114 847 25 1060 114 42 61 303
 143 85 25 188 612 128 311 139 11 268 135 44 15 179 333 415 143 181 97 13 50 252 19 61 778 688 401 161 105 36 117 177 486 52 195 444 856 193 616 81 93 121 130 269 144 101 248 70 731 422 90 990 369 5 194 3 227 436 104 233 283
 135 405 401 400 85 25 179 143 778 3 128 15 11 135 52 336 12 5 161 130 193 61 131 225 283 50
 85 268 401 11 311 50 5 101 85 25 97 19 52 209 182 15 117 143 73 61 731 195 856 990 194 369 179 181
 400 11 25 85 52 405 179 400 15
 688 612 25 61 52 11 688
 454 1129 289 25 454 1043 52 61
 12 13 336 25 139 871 444 616 778 252 12 131 225 128 15 193 269 130 52 182 61
 225 225 13 52 131 25 15 97 871 12 336 19 93 61 101 870 105
 870 871 61 25 52 131 870
 3 25 401 44 188 440 128 61 15 3 921 50 101 52 11 415 876 19 268 439 778 60 486 85 181 161 5 278 258 90 117 144 485 938 639 269 130 291 177 33 38 36 568 260 193 257 979 189 195 369 669 111 640 170 69 194 233 436 613 283 311
 308 876 25 210 308 61
 210 210 25 101 440 731 51 35 422 61 52 1025 15
 5 50 505 320 296 311 85 25 5 209 166 101 822 830 15 78 61 3 97 242 161 11 268 368 51 52 19 439 143 731 1025 79 568 229 42 458 26 284
 170 25 3 257 170 52 757 161 61 731
 668 743 668 25 350
 439 25 439 51 50 921 52 61 5
 445 23 122 25 54 452 128 445 580 778 537 269 686 317 519 130 550 79 15 408 1049 19 193 278 188 1168 61 1052
 231 445 54 269 25 778 23 231 193 452 128 15 130 61
 580 25 23 122 580 686 537 158 445 413 61 317
 738 739
 68 25 368 52 5 50 15 68 61
 822 505 25 52 822 61 50
 1107 119
 515 823
 366 1155 959 366 823 61 496 121 25 15 248 52 868 515 454 81 291 620 1129 120
 620 621 1073 25 959
 78 90 188 278 296 320 69 166 26 25 111 486 44 167 78 667 774 79 447 284 422
 79 166
 160 376
 323 431
 1063 376
 656 554 1181 656 52 144 25 61 101
 448 409 25 554
 125 376
 513 429 25 61 52 513 1103 807
 512 807 25 513
 419 420 25 218
 156 156 1024 25 44 69 188 61
 194 25 61 194 50 990 11 52 85 195 369 5 647
 369 369 11 50 195 61 311 25 268 5 85 52 101 647
 581 954 581 42 360 52 15 798 25 61 148
 41 591 530 61 645 41 25 42 422 582
 287 880 25 287 61 424 59 514 338 52 671 545 288
 338 671 25 288 338 52 880 339 61
 288 818 25 339 59 671 287 880 1165 52 1109 61 288 514
 1169 803
 251 13 534 607 25 92 128 444 616 139 252 778 273 251 533 193 15 323 129 61 130 269 180 52 81
 129 207 129 336 15 273 206 25 778 131 180 225 193 130 431 251 61 607 269 12
 92 25 273 251 52 15 92 101 93 105 19 97 607
 206 25 273 92 207 180
 533 534 61 25 52 273 533
 487 202 25 201 487 61 66
 201 430 25 201 202 66 487
 1074 918
 36 25 128 188 85 61 36 161 11 44 19 143 278 101 5 466 268 486 15 415 117 52 3 310 778 856 181 311 401 507 258 177 97 144 229 38 130 731 13 356 193 568 260 50 139 182 227 436 283 81 458 457 111 269 69 233 90 284 73 42 105
 311 731 52 25 209 117 311 97 36 101 85 61 242 15 181 268 610 11 19 401 310 356 42 13 458 1025 143 332 105 562 229 35
 310 25 310 51 268 466 52 61 311 372
 457 408
 227 945
 594 649 25 777 594 401 528
 777 994 25 11 649
 375 376
 37 37 25 44 15 938 725 188 236 61 128 101 965 485 613 415 1007 332 71 161 507 778 291 3 36 110 593 390 731 33 63 52 193 144 177 269 130 610 181 1116 340 955 422 1025 597 378 189 117 164 502 283 38 1144
 378 378 593 101 52 3 725 25 37 731 161 15 507 61 128
 163 566 25 380 163 164
 1007 965 52 1007
 60 25 60 161 15 1177 257 757 52 756 170 3 61
 236 52 236
 756 757 25 60 756
 380 164 25 61 100
 340 37 164 340 1116 380 100 422 33 25 593 732 52 61 71 161 566 390 15 38
 100 25 100 732 3 61 101 52 164
 269 269 25 350 64 256 452 457 413 408 879 762 52 628 61 945 270 301
 256 301 25 452
 406 465
 1183 788
 586 25 768 44 15 52 586
 1081 1082
 509 974 25 509 1081 61
 228 229 25 228 349 61 52 332 886
 349 886 25 228 349 52 184 350 61 229 15 395
 329 330
 379 744
 991 701
 899 787
 1027 21
 178 32
 97 1038 97 461 19 508 13 25 226 61 52 15 101 98 134 695 144 666 142 93 64 105 7 892 570 158
 658 653 25 97 19 658 52 61
 570 226 61 570 52 25 101
 648 1055 648 52 25 61 326
 666 1059 25 61 666 52 19
 695 1068 25 52 695 61
 224 1133 101 25
 73 25 1124 19 61 52 73 323 15
 587 403 52 61 587
 395 707 395 25 52 61 886
 242 1015 242 911 61 52 25 1091 184 642 228 422
 111 278 173 111 521 61 174 25 272 841 138 229 158
 138 25 932 111 138 61 431 444 97 139 616 278
 272 272 242 521 932 111 25 278 117 61 173 975 74 174 101 610
 173 25 77 174 74 975 61 278
 74 975 75 25 174
 254 841 25 530 61 254 1000
 1000 77 25 1001 61
 1001 75
 888 25 793 52 15 825 181 278 888 161 54 36 1042 3
 1042 825 25 793
 283 511
 335 770 25 944 1037 61 335 810 920
 920 1037 52 920 61
 944 810 944 25 1037 770
 314 354
 1094 950
 933 348
 928 638 558 388 928
 644 644 730 25 150
 388 345 644 388 25 61
 531 531 930 453 25 61 935 473
 558 986 25 558 531 61
 930 473 25 150 930
 150 682 150 603 52 101
 1119 1120
 26 296 774 90 25 26 667 599 69 283 15 27 1002 520 89 885 61 52 44 422 218 428 188 543 291 350 544 167 1074 427 156 151 144 803 297 1047
 89 654 25 89 15 296 90
 427 428 25 427
 814 678 25 496 61 52 677 81 1077 15 814
 677 733 1073 25 678
 1077 1159
 520 520 61 530 698 667 25 52 399 101 26
 27 885 296 25 283 90
 192 192 25 889 414 778 130 229 15 193 34 311 269 90 228 61 69 268
 34 25 242 34 101 889 414 192 117 35 372
 543 544 543 25
 460 461 25 97 776 460
 562 176 25 1161
 776 508 25 97
 855 1083 25 52 15
 356 996 25 61 356 1163 884 97 19
 884 1163
 609 25 574 350 61 609 219 567
 567 25 19 675 350 567 386 61 574
 386 785 25 98 249 134 675 386 61
 219 25 609 462 663 675 574 219 982 350 90 249 785 44 589 685 436 61 188
 462 25 657 350 567 249 462 61 663 675 785
 249 250 25 249 386 785 657
 684 925 25 61 685
 685 982 25 598 61 685 570 1176
 1176 598
 42 458
 993 901
 1168 966
 363 363 364 422 25 447 597
 62 63 31 62 21 1027 918 424 1074 69 496 788 61 25 805 561 1092 693 465 406 52 291 1062 674
 674 1029 1073 25 805
 31 106 178 25 32 31
 1062 1092
 1026 199
 478 479 25
 755 905
 70 188 70 128 64 101 458 166 19 291 44 144 372 25 79 270 226 699 186 15 61 182 413 486 670 993 1091 229 280 284 457 422 969 762 568 52 65 1144 857 937 447 349 1075 42 81 507 1026 896 814 51 162 199 886 936 57 323 856 158 97 395 669 801 228 299 570 184 431
 761 528
 971 1003 25 280 61 535 971
 535 745 25 535 416 61
 416 417 25 745
 829 830 829 25
 1047 28
 167 774 167 667 61 52 25
 399 698 25 399 774 61 52 167 15
 139 139 61 13 856 25 52 431 85 105 182 323 15
 80 25 80 589 81 218 61 52 420 101 419 15 856 233 422 1144
 500 1130
 960 632
 582 109
 108 706 25 108 109 61 578 52 582
 734 735 849 734 25
 51 25 51 568 61 52 350
 1140 7 52 61 101 1140
 661 451 25 350
 450 1014 25 484 451
 518 161 50 25 344 921 451
 1093 384
 58 58 25 827 592 61 59 52 514 45 101
 516 25 516 778 633 626 482 130 193 15 61 229 90 269
 626 626 482 242 25 516 176 562 189 61 372
 864 700
 616 444 25
 603 704
 205 1053
 984 916
 689 107
 1121 953
 305 1048
 726 727
 839 840
 341 563
 103 912
 1011 1100
 98 98 134 52 233 61 25 101
 209 209 25 98 52 19 456 134 61 15 97 233
 69 90
 438 589 25 783 420 1024
 1178 924
 748 749
 539 691
 763 1041 763 25
 1136 1125
 1110 604
 856 182
 358 25 387 358 61 52 228 886 229 19
 59 25 514 603 704 59
 843 650 52 61 843
 20 55 746 569 945 681 20 583 824 63 372 25 985 275 425 458 788 69 1149 291 561 144 778 538 90 918 52 21 457 1074 15 156 424 969 465 406 1027 582 1025 408 61 189 642 693 81 188 252 283
 1131 968 25 1131
 425 746 583 25 52 55 425 61 538 20
 1030 1123 1030 25
 55 55 52 15 538 94 276 25 1172 56 286 422 569 702
 276 917 25 276 1030 538 61
 569 318 569 178 32 25 52 61
 275 20 702 583 985 275 681 25 63 94 778 350 538 101 61 276 917 582 824
 824 25 1149 824 42 52 15
 794 740 794 995 25 52 61 136 287
 240 157
 680 751 25
 94 55 917 94 63 25 702 681 538 275 422 276 803 52 15 981 61 447
 981 983 25 702
 992 25 752 496 61 52 992 397
 397 398 1073 25 752
 627 628 25 235 52 627 762 291 269 422 15
 186 25 317 372 52 101 186 144 686
 837 1 88
 939 939 52
 907 943 750 907 893 919 939
 1036 907 1039 459 750
 298 217 1137 17 883 103 30
 455 1 88 36 61 83 181 25 455
 781 1 88 181 25 36
 267 268 1 36 88 311 25 181 61 267 44
 890 1 161 88 36 181 3 25 5 311
 588 1 88 588 61 15 83
 766 17 103 217 30
 760 1 88 25 649 761 143
 154 155
 281 1 37 15 593 236 88 25
 502 52 502 1007 37
 441 1 25 60 88 83
 481 732 25 1 340 1116 164 88 100 83 161 481 380
 492 88 1 164 61 25 100 380
 255 301 1 1075 83 256 88 25
 961 1 1075 88 452 25 83 269
 25 222
 718 1108
 1106 502
 724 965 593 502 724 37 597
 861 502 965 593 37 236 861
 480 502 480 597
 402 1152 61 25 402 1 403 707 349 83 88 184 587 886
 1013 1 88 280 25
 673 97 25 52 158 372 64 673 209
 831 88 1 83 456 19
 0 1 278 25 88 111 521
 241 521 311 1 278 25 268 36 111 88 101 181
 504 1 521 181 25 311 36 88 403 272 268 504 111 44 101 189
 306 1 138 482 521 11 88 401 272 306 111 278 25 932 516 143 633 139
 271 1 242 521 111 25 278 272 88
 618 174 311 1 975 268 181 25 36 88 173
 76 1 278 111 254 88 841 25 77
 245 923 561 15
 1046 1 888 88
 741 1180 1 61 1130 88 1179 25
 373 25 182 1 181 273 414 88 856 373 36 913 61 15 607 13 311 34 192 19 83 280 251 889 92 128 268 1115 81 291 44
 313 1 63 354 313 1144 25 61 101 500 950 314 933 1175 348 1089 1094 52 372 88 1128 1166 1160 963
 499 63 1 499 61 500 1130 88
 721 1 88 388 25
 664 1 25 88 558
 432 1 3 88 25 296 432 5 161 280 50 44 61 667 26
 980 1 26 25 296 88 83
 796 88 1 296 83 25 26 167 774 144 61
 95 1 88 95 311 25 181 36 280 403 889 83 414 268 44 35 34 97 19 61 188 192 15
 619 619 967 52 245 244 555 1135
 244 245
 555 556 245 560 1044 561 555
 1135 556
 784 1 25 663 609 88 574
 385 675 785 1 25 609 88 567 386
 694 1 982 88 663 219 609 574 684 25
 510 1 181 25 663 249 36 311 785 574 657 268 44 609 88 462 675
 608 1 574 181 25 785 311 36 88 675 44 609 268
 782 1 88 219 25
 540 1 219 88
 493 663 25 1 250 249 609 785 657 493 88 386
 1170 1170
 556 470 556 245 52
 470 245 52 470 1103
 91 1 42 88 91 61 458
 82 1 25 83 280 88 101 252 90 539 69
 475 1 62
 208 350 15 235 208 175 52 101 42 209 98 422 562
 147 103 217
 838 838 52 422
 290 1 156 589 90 291 69 88 25 454 15 61 1024 1129 290 218 438 80
 611 1 755 83 905 90 25
 87 1 52 88 87 447 422 144
 565 912
 672 25 745 672
 253 1 745 25 83 672 88 535 971
 315 1 745 25 83 417 971 672 535 416 88
 844 217 30 17 103
 282 139 273 25 607 13 1 251 92 88 61 282 431 283 101
 1088 154
 1157 1157
 1 110
 1040 1 1040 61
 396 1 83 25 960 88 632 542
 541 1 632 960 542 286 25 56 842 280 61
 312 30 17 217 103
 676 1 286 109 799 25 88 676 582 1145 280 372 1034 61 56
 359 1 109 83 88 582 25 1145 56 280 286
 849 849 52
 383 166 383 52 15 61 422 568 384 25 51 597 79 101
 343 1 61 25 661 88 451 343 344 647 280 518 161 3 450 1014
 517 30 103 217 17
 1127 1165
 1126 1127
 304 1 58 592 25 88
 328 1 109 88 582 328 61
 16 217 17 103 30
 1142 217 103
 262 17 217 30 103
 190 1 88 190 83
 1090 1 286 83 88 61 109 582 25 81 1090
 463 833 893 52 61 144 597 235
 711 446 88 1 25 233 144 101 83 422 109
 446 742 293 446 957 463 144 1107 52 101 25 15 447 119 573 422
 204 704 1 603 61 204 726 1121 839 984 341 205 305 25 689 88
 145 88 61 150 686 1 413 145 452 235 879 25 269 851
 1072 1050
 1050 709
 1146 1147
 1008 826
 826 709
 411 412
 716 708
 708 709
 914 915
 433 1 88 144 69 61 90 393 56
 407 1 457 408 25 142 97
 1025 252
 112 61 1 109 113 88 582 422 372
 501 1 88 83 109
 421 604 25 1 61 421 1125 280 422 88 1136 372 109 676 1110 582
 1156 61
 18 25 88 63 233 19 69 18 228 101 97 188 181 36 1 166 128 44 311 886 349 61 573 90 144 597 395 406 79 507 486 284 422 447 465 539 268
 576 262 576 357 312 370 1057 577 697 517 832 564 147 146 912 1114 477 651 1142 277 213 489
 146 262 766 834 312 477 370 146 597 517 564 52 367 81 101 1130 715 852 832 291 147 447
 602 101 755 246 602 61 516 574 335 3 26 25 20 47 1074 52 44 520 609 36 454 219 248 37 143 86
 389 390 602 246 905 25 476 389 101 52 795 374 755
 391 1 25 827 713 59 88 682 995 101 1048 107 288 391 689 83 603 514 45
 404 218 404 560 235 101 80 81 52 25 291 422 15
 246 69 166 79 25 44 486 284 101 246 90 188 61 476 52 390 71 283
 476 370 576 999 651 420 29 517 832 15 476 246 146 298 212 147 262 766 52 477 252 715 589 946 852 25 438 218 844
 464 1 583 20 88 90 25
 641 1 985 275 88 90 25
 239 1 25 83 88 240 960 542
 467 1 280 61 88
 1006 1 15 25 702 83
 121 25
 868 25
 892 25
 770 25
 1037 25
 810 25
 600 25
 767 25
 1021 25
 1084 25
 498 25
 693 25
 712 25
 81 25
 879 25
 1010 25
 286 25
 1028 25
 848 25
 334 25
 1070 25
 951 25
 9 25
 557 25
 728 25
 799 25
 875 25
 842 25
 720 25
 836 25
 786 25
 546 25
 860 25
 24 25
 579 25
 1060 25
 847 25
 119 25
 823 25
 959 25
 621 25
 554 25
 409 25
 803 25
 918 25
 408 25
 945 25
 465 25
 788 25
 330 25
 744 25
 701 25
 787 25
 21 25
 32 25
 511 25
 1180 25
 354 25
 950 25
 348 25
 1120 25
 458 25
 901 25
 364 25
 805 25
 106 25
 1029 25
 1092 25
 199 25
 905 25
 1130 25
 632 25
 109 25
 706 25
 735 25
 704 25
 1053 25
 916 25
 107 25
 953 25
 1048 25
 727 25
 840 25
 563 25
 90 25
 691 25
 426 25
 783 25
 924 25
 749 25
 1041 25
 1125 25
 604 25
 583 25
 968 25
 746 25
 1123 25
 538 25
 318 25
 917 25
 985 25
 1149 25
 157 25
 702 25
 983 25
 752 25
 398 25
 846 25
 200 25
 64 25
 443 25
 696 25
 1052 25
 1049 25
 613 25
 33 25
 795 25
 238 25
 927 25
 116 25
 459 25
 636 25
 390 25
 670 25
 1102 25
 549 25
 188 25
 486 25
 601 25
 762 25
 550 25
 640 25
 857 25
 979 25
 35 25
 1035 25
 863 25
 532 25
 1051 25
 321 25
 584 25
 937 25
 332 25
 817 25
 128 25
 415 25
 949 25
 1099 25
 169 25
 53 25
 703 25
 897 25
 317 25
 161 25
 876 25
 440 25
 50 25
 257 25
 743 25
 921 25
 368 25
 505 25
 320 25
 166 25
 181 25
 268 25
 466 25
 593 25
 725 25
 566 25
 965 25
 1177 25
 757 25
 164 25
 1116 25
 732 25
 452 25
 301 25
 77 25
 768 25
 1082 25
 974 25
 278 25
 932 25
 521 25
 174 25
 975 25
 841 25
 793 25
 825 25
 574 25
 925 25
 982 25
 598 25
 675 25
 785 25
 663 25
 657 25
 250 25
 966 25
 519 25
 75 25
 568 25
 7 25
 451 25
 1014 25
 344 25
 384 25
 134 25
 456 25
 537 25
 751 25
 628 25
 491 25
 997 25
 828 25
 365 25
 772 25
 891 25
 995 25
 274 25
 947 25
 713 25
 137 25
 46 25
 880 25
 339 25
 671 25
 202 25
 430 25
 592 25
 873 25
 514 25
 650 25
 740 25
 484 25
 729 25
 699 25
 1087 25
 1104 25
 23 25
 54 25
 122 25
 1009 25
 637 25
 926 25
 1113 25
 747 25
 1054 25
 1056 25
 1012 25
 804 25
 553 25
 908 25
 133 25
 631 25
 1033 25
 739 25
 67 25
 765 25
 347 25
 1019 25
 865 25
 105 25
 858 25
 333 25
 124 25
 1016 25
 261 25
 977 25
 258 25
 754 25
 1002 25
 797 25
 1023 25
 471 25
 527 25
 1004 25
 813 25
 1091 25
 1150 25
 1152 25
 1032 25
 488 25
 802 25
 791 25
 401 25
 179 25
 11 25
 405 25
 612 25
 336 25
 131 25
 871 25
 431 25
 429 25
 807 25
 906 25
 990 25
 195 25
 607 25
 180 25
 273 25
 207 25
 534 25
 649 25
 994 25
 229 25
 886 25
 19 25
 653 25
 226 25
 1055 25
 1059 25
 403 25
 1068 25
 483 25
 1133 25
 1124 25
 707 25
 414 25
 889 25
 996 25
 1163 25
 479 25
 1065 25
 528 25
 13 25
 444 25
 182 25
 148 25
 1153 25
 954 25
 591 25
 1064 25
 798 25
 645 25
 638 25
 730 25
 345 25
 453 25
 986 25
 473 25
 1003 25
 745 25
 417 25
 428 25
 1043 25
 599 25
 1129 25
 1024 25
 296 25
 654 25
 678 25
 1159 25
 733 25
 667 25
 885 25
 544 25
 830 25
 28 25
 774 25
 698 25
 615 25
 387 25
 1038 25
 461 25
 176 25
 508 25
 1083 25
 633 25
 482 25
 759 25
 988 25
 700 25
 1143 25
 913 25
 998 25
 987 25
 48 25
 1097 25
 420 25
 218 25