1188 5485 1
0 1 20 2 20 3 20 4 20 5 20
5 206 20
6 6 15 7 50 8 45 9 10 10 10 11 10
8 824 20
10 16 20
12 7 10 8 70 12 10 13 85 14 25 15 25 16 25 17 15 18 15 19 10 20 10 21 5 22 5 23 5
13 16 20
16 233 20
17 21 20
18 20 20
19 16 20
20 16 20
21 16 20
22 13 20
23 223 20
24 7 15 8 270 9 125 15 15 16 10 20 290
25 7 40 8 35 9 5 16 15 26 40 27 10 28 5
26 16 20
27 16 10 26 435
29 7 25 8 100 9 20 15 10 16 50 29 105 30 25 31 130 32 120 33 15 34 15 35 15 36 10 37 10 38 5 39 5
30 16 20
31 16 20
32 16 20
33 9 20 16 220 30 370 31 10 32 5 33 200 34 105 35 5 36 5 37 5 38 35 42 5 49 10 57 10 78 25 80 15 91 15 104 5 276 10 277 20 511 5 570 10
34 16 20
35 9 45 16 735 30 30 31 1995 32 25 33 35 34 15 35 930 37 20 38 50 39 40 42 10 49 20 56 15 57 15 78 55 80 50 91 50 104 5 120 10 125 20 143 45 144 25 145 20 146 5 169 5 170 15 202 10 273 10 276 10 277 20 321 5 379 5 405 10 570 10 610 25 615 190 656 5 687 5 707 30 820 50 821 50 822 40 823 30 824 20 825 5 826 5 827 5 828 5 829 5 830 5 831 5
36 16 20
37 9 55 16 935 30 5 32 1585 33 15 34 10 37 400 38 10 39 30 42 10 45 15 49 10 53 5 57 30 73 25 74 10 75 15 78 80 80 75 91 50 117 20 118 5 120 185 121 20 122 5 124 30 125 10 133 20 136 70 140 85 143 60 146 5 169 15 179 100 181 300 202 15 213 5 273 10 276 10 277 20 288 5 436 20 502 25 513 10 528 15 570 10 579 5 581 5 626 10 627 5 628 5 630 10 656 5 687 10 707 30 753 5 759 40 760 20 761 10 762 5
38 9 10 16 100 30 10 31 15 32 45 33 15 34 210 35 15 37 20 38 35
39 233 20
40 7 30 8 35 9 5 16 5 30 10 33 15 39 5 40 10 41 40 42 5
42 9 5 10 145 16 55 23 15 28 25 42 75 57 10 77 15 79 5 85 15 223 25 279 20 357 15 620 5 621 10 838 10 839 5
43 7 40 8 95 9 10 16 25 43 5 44 80 45 50 46 45 47 40 48 30 49 25 50 20 51 20 52 10 53 10
44 9 5 16 30 44 90 51 45 53 15 78 15 80 10
45 16 20
47 16 20
48 9 20 16 90 28 15 45 15 47 295 48 75 57 10 71 40 73 40 78 5 121 5 124 30 140 25 194 5 202 5 461 5 464 15 571 15 572 10 573 10
49 50 20
50 16 20
51 16 20
52 16 40 46 55 51 5 790 5 1012 100
53 45 20
54 54 10 55 15 56 10 57 10
57 171 20
58 1 20 3 20 4 20 5 20
59 7 5 8 60 16 10 59 20 60 70 61 25 62 25 63 25 64 10 65 5 66 5
61 16 20
62 9 5 57 10 62 10 64 10 603 20
63 16 20
65 9 10 16 50 31 30 32 5 35 5 37 5 57 5 61 235 65 40 91 5 432 10
66 9 5 16 200 31 10 35 10 42 20 61 110 65 10 66 55 91 25 112 30 276 10 277 20 432 335 433 10 511 5 570 10
67 7 35 8 65 14 15 15 15 16 35 31 115 32 25 35 80 37 15 61 20 63 40 65 10 66 5 67 10
68 1 20 3 20 4 20 5 20 69 20
70 7 20 8 60 9 15 16 30 70 30 71 35 72 25 73 125 74 10 75 10
71 9 20 16 260 22 5 39 10 57 20 71 70 73 395 91 10 150 25 151 5 197 5 199 5 202 5 223 5 224 5 462 5 495 30 572 5 589 5 719 80 857 50 858 30 859 10 860 5 861 5
72 16 20
73 16 20
74 9 15 16 140 57 30 71 20 72 20 73 15 74 30 75 170 91 20 604 40
75 16 20
76 7 20 8 55 14 10 16 55 77 20 78 15 79 15 80 15 81 5 82 5 83 5 84 5 85 5 86 5 87 5 88 5
77 16 20
78 9 100 16 185 22 5 39 20 45 10 53 5 57 15 78 130 80 415 91 5 202 75 416 5 436 25 437 50 439 10 607 25 608 100 609 10 610 5
79 16 20
80 16 20
81 84 20
82 87 20
83 16 20
84 16 20
85 77 20
86 83 20
87 16 20
88 134 20
89 7 10 8 30 16 10 78 10 80 5
90 7 20 8 110 9 5 14 10 16 20 35 5 37 5 78 20 80 20 90 30 91 25
92 7 15 8 60 9 20 15 10 16 5
93 7 10 8 35 14 5 35 5 37 5
94 1 20 95 20
95 206 20
96 1 20 2 20 3 20 4 20 5 20
97 7 5 8 35 16 5 98 5 99 5
98 9 15 16 45 39 5 57 10 98 50 99 120 101 20 232 5 666 5 672 15
99 16 20
100 7 5 8 35 16 5 98 5 99 5
101 57 10 101 45 102 10
102 16 20
103 8 20 104 5
104 319 20
105 8 20 106 5
106 16 20 39 75 53 20 57 10 88 25 91 5 104 15 106 60 109 15 122 15 160 95 168 20 169 45 170 35 364 5 379 5 380 10 394 85 395 65 396 60 397 55 398 35 399 30 400 30 401 20 402 20 403 15 404 15 405 15 406 15 407 15 408 15 409 10 410 10 411 10 412 5 413 5
107 57 10 108 35 109 25
108 57 10 108 35 109 15 111 10 114 20
109 16 10 39 40 57 10 88 5 91 30 104 40 109 315 111 125 114 5 134 5 233 20 240 50 283 10 292 110 321 5 365 20 366 25 367 5 373 280 374 25 375 10 376 5
110 57 10 108 35 109 30 110 5 111 5 112 5
111 9 5 39 70 57 10 88 20 104 25 111 260 126 5 168 70 202 40 233 20 283 20 321 15 364 70 365 30 366 10 367 10 368 5 369 5 370 5 371 5
112 16 20
113 39 10 57 10 108 60 109 40
115 57 10 108 75 109 50
116 16 20 39 65 57 10 73 5 81 5 84 10 104 5 108 105 109 375 111 15 117 60 118 45 119 20 120 100 121 10 122 5 123 5 124 5 125 5 126 5
117 16 20
118 9 20 16 515 39 25 57 70 71 40 73 15 88 10 91 125 117 1050 118 440 119 55 120 125 121 20 124 15 125 30 131 190 134 10 140 10 141 5 144 5 169 50 170 80 200 5 379 5 405 15 462 5 495 10 577 5 609 10 637 5 814 10
119 9 10 16 60 57 30 71 5 73 20 91 10 119 60 122 5 859 335 860 15 1011 175
120 16 20
121 9 10 16 215 39 30 57 25 71 25 73 25 81 10 84 20 91 20 117 80 118 45 119 20 120 5 121 240 123 10 124 530 140 65 141 15 169 15 170 10 179 30 181 45 492 5 579 5 581 5 753 10 756 10
123 9 15 16 30 57 15 73 20 82 5 91 5 123 5 470 30
124 16 20
125 9 65 16 955 32 55 37 25 39 50 42 5 45 5 50 5 53 5 57 30 71 10 73 50 74 10 75 15 78 50 80 90 81 20 84 10 85 5 88 5 91 35 117 380 118 125 120 1720 121 75 122 5 123 5 124 55 125 590 134 5 140 100 141 50 143 95 145 15 169 30 170 10 179 45 181 10 200 10 202 10 213 5 269 5 273 10 276 10 277 20 288 5 436 35 439 5 462 5 495 10 496 10 528 50 570 10 609 10 656 5 687 10 707 30 761 10 813 40 814 20
126 168 20
127 39 10 57 10 108 50 109 40 127 10 128 15 129 5
128 16 20
129 9 5 16 110 39 5 57 30 71 15 73 10 91 15 128 230 129 75 462 5 463 10 465 15 495 35 498 5 589 10 758 15
130 9 5 16 5 39 140 57 15 88 5 91 5 104 5 108 70 109 380 111 50 119 45 122 5 126 5 130 40 131 115 132 10 133 5 134 5
131 9 10 16 5 57 10 104 5 131 105 257 5 695 5 850 5 868 35 869 15 870 5
132 9 15 16 40 28 5 57 10 132 25 761 160
133 9 5 16 95 32 40 37 10 57 10 91 20 133 45 513 15 762 10 766 10 835 130 836 10
134 16 20
135 39 25 57 15 104 5 108 35 109 85 111 5 126 5 132 10 135 40 136 10 137 5
136 16 20
137 9 5 16 35 39 20 57 5 91 5 104 5 132 10 136 175 137 80 170 15 379 5 637 5
138 39 15 108 20 109 10
139 9 10 16 5 39 180 53 5 57 15 71 15 78 15 81 5 84 5 88 5 91 5 104 5 108 105 109 910 111 50 117 40 118 5 119 55 120 80 121 20 122 5 124 15 125 5 126 10 131 140 134 5 139 45 140 30 141 5
140 16 20
141 9 20 16 820 32 120 37 5 39 10 42 10 45 5 47 10 48 10 50 10 57 15 71 25 73 20 78 35 80 55 81 10 91 30 104 5 117 310 118 40 120 210 121 95 122 5 124 360 125 15 140 1570 141 275 143 45 169 15 170 5 175 25 179 5 181 25 202 10 269 5 273 15 276 10 277 20 288 5 436 15 461 5 462 15 464 30 489 5 492 30 495 25 496 40 570 10 579 5 581 5 589 10 656 5 707 30 750 45 751 35 752 20 753 10 754 10 755 10 756 5
142 32 15 37 15 39 60 57 10 108 100 109 215 142 10 143 25 144 25 145 15 146 5
143 16 20
144 16 20
145 143 20
146 446 20
147 31 15 32 5 35 5 37 5 39 25 57 10 91 5 108 55 109 45 143 5 145 5
148 39 5 57 10 108 50 109 30
149 16 5 108 20 109 10 150 5 151 5
150 16 20
151 9 15 16 10 39 5 57 10 150 45 151 15
152 39 15 108 20 109 10
153 39 10 57 10 108 40 109 70 131 15
154 57 10 104 10 108 20 109 20
155 39 35 57 10 108 35 109 15 111 5 131 60
156 108 20 109 10
157 9 5 39 20 57 10 108 50 109 20 146 5
158 159 20
160 39 20
161 7 25 8 85 9 30 161 50 162 65 163 65 164 30 165 20 166 20 167 15 168 15
162 16 20
163 16 20
164 162 20
165 16 20
166 165 20
167 163 20
169 170 20
172 7 25 8 95 14 5 16 20 163 65 167 50 168 10 173 5
174 7 5 8 95 9 25 14 35 16 25 41 10 163 65 165 15 166 5 167 30 175 5
176 1 20 5 20
177 7 5 8 70 16 40 32 20 37 20 78 5 178 20 179 20 180 20 181 5 182 5 183 5
178 16 20
179 9 20 16 485 32 145 37 20 39 30 57 15 71 20 73 15 88 5 91 25 117 135 118 50 119 45 121 50 124 140 131 195 132 15 134 5 141 10 170 5 179 435 181 920 200 5 379 5 435 40 438 5 439 5 442 65 443 20 481 50 482 5 663 30 760 10 761 5 763 90 764 30 765 130
180 16 20
181 16 20
182 9 5 16 50 180 50 185 5 652 10
183 9 5 16 35 57 5 91 5 178 50 180 5 188 5 653 5
184 7 10 8 45 9 5 11 10 14 10 15 10 16 35 178 20 180 55 182 20 183 5 184 10 185 75 186 15 187 10 188 10
185 16 20
186 16 55 57 5 91 5 178 5 183 5 186 10 187 80 188 15 653 10
187 16 20
188 9 5 16 70 57 5 91 5 178 10 183 15 185 20 186 5 187 5 188 10 652 5 653 80
189 7 10 8 45 14 10 16 10 182 10
190 8 90 15 25 16 70 49 10 71 5 73 85 78 5 80 20 191 95 192 50 193 15 194 15 195 10 196 10 197 10 198 10 199 5 200 5 201 5 202 5 203 5 204 5
191 16 20
192 16 20
193 9 5 16 10 57 10 191 70 193 15 202 5 656 5
194 16 20
195 9 5 16 15 57 10 195 15 203 5 867 85
197 9 5 16 35 57 10 194 55 197 10
198 9 5 16 50 28 5 57 5 91 5 195 5 198 10 200 5 203 65 257 5 850 15
199 16 20
200 16 20
201 582 20
203 16 20
204 9 5 57 10 192 25 204 5
205 7 20 8 20 14 10 15 10
206 207 20
207 301 20 302 20
208 7 10 8 30 37 10
209 7 10 8 40 210 10
210 9 5 10 10 16 235 42 35 91 10 143 10 210 145 276 10 277 20 449 190 451 435 454 80 570 10
211 7 10 8 40 125 10
212 7 10 8 40 213 10
213 9 20 16 185 22 5 200 5 213 25 528 205 871 25 872 25 873 20 874 15 875 10 876 5
214 7 10 8 45 16 5 215 30 216 10 217 5
215 16 20
216 9 5 16 15 215 25 217 5
217 16 30 215 10 739 40
218 7 25 8 40 16 15 120 10 125 30 143 5
219 7 10 8 25 14 10 16 5 220 5
220 9 10 16 80 23 5 50 35 57 10 73 10 118 5 220 165 222 85 223 5 224 125 225 105 226 5 675 10 677 570 678 15 679 10
221 7 25 8 125 9 30 14 30 15 30 16 55 23 5 41 10 71 5 73 5 221 45 222 90 223 40 224 35 225 25 226 15 227 15 228 10 229 5 230 5
222 16 20
223 16 20
224 9 55 16 165 23 30 41 20 57 25 71 5 73 165 77 10 85 5 91 10 146 5 192 10 220 5 222 270 223 130 224 135 225 10 226 20 416 5 675 30 676 5
225 226 20
226 16 20
227 16 20
228 16 20
229 227 25 228 5
230 9 5 16 25 228 40 229 5
231 7 5 8 35 232 10
232 9 15 16 195 57 15 91 5 98 20 99 5 232 45 666 25 667 15 669 100 672 15 673 35 683 25 684 10
234 7 15 8 30 15 20 16 5 202 5 235 5 236 5
235 9 10 16 35 57 10 235 10 236 60 688 5
236 16 20
237 7 10 8 20 15 20
238 7 10 8 30 15 30 16 20 235 5 236 25
239 7 10 8 40 14 10 15 10 16 10 235 5
240 240 5
241 57 10 242 10
242 57 10 242 15 331 5
243 244 20 245 20 246 20 247 20
248 249 20
250 9 5 16 15 57 10 251 45 252 25 253 20 254 10 255 5
251 16 20
252 16 20
253 16 15 251 10 253 10
254 16 20 251 5 252 90
255 9 5 16 15 251 60 254 5 255 10
256 8 35 14 10 16 5 257 5
257 9 10 16 50 28 5 257 10 694 20 695 105 696 15 697 10 698 5
258 7 35 8 90 16 40 71 20 78 10 80 10 117 10 118 20 120 20 125 50 258 5 259 35 260 15 261 5
259 16 20
260 9 5 16 20 261 40 702 5
261 16 20
262 7 20 8 140 9 20 16 55 39 5 71 5 73 15 78 30 80 10 117 10 118 20 120 55 125 50 143 45 145 15 262 35 263 90 264 65 265 40 266 35 267 20 268 110 269 10
263 9 5 16 5 57 10 263 5 268 80
264 16 5 71 20 264 30 265 50
265 16 20
266 16 20
267 9 5 16 15 264 5 266 25
268 16 20
269 79 20
270 8 45 14 10 15 5 16 5 271 5
271 9 10 13 65 16 60 57 10 271 20 321 5 699 60 700 470 701 35
272 8 35 16 10 273 15
273 9 5 16 50 57 10 143 35 145 10 273 15 707 185
274 275 20
276 277 20
278 8 65 9 10 16 10 57 10 145 5 278 10 279 10
279 10 5 16 25 839 65
280 9 5 16 55 39 5 56 15 57 10 280 25 281 20 282 20 283 5 284 5
282 16 20
284 9 5 16 275 56 30 57 10 91 10 104 15 282 270 284 60 416 5 798 10 1027 65 1030 25 1034 15 1037 170 1042 15 1044 65 1052 5
285 7 30 8 130 11 5 14 15 16 80 32 5 37 5 39 5 44 35 45 15 46 25 50 5 51 5 52 5 53 5 78 10 80 35 285 5 286 55 287 45 288 25 289 10 290 10 291 10 292 10 293 10 294 5 295 5
286 16 20
287 16 20
289 346 20
290 16 20
293 16 20
294 9 5 16 50 78 5 286 20 290 40 294 15 295 15 709 25
295 9 5 16 30 57 10 287 25 295 15 298 5 708 15
296 7 40 8 60 9 20 16 75 286 10 287 45 290 25 293 15 294 25 295 15 296 35 297 30 298 5
297 9 5 16 130 31 5 32 25 35 15 37 15 146 25 286 15 293 310 297 70 709 15
298 16 20
299 275 20 300 20
301 299 20
303 8 50 39 5 49 5 50 15 122 5 304 5
304 16 20
305 306 20
306 310 20
307 7 10 8 25 14 10 15 10
308 7 15 8 25 14 10 15 10 16 5 202 5 248 5 305 5 308 5 309 85 310 20 311 15 312 10 313 5 314 5 315 5 316 5 317 5 318 5
309 16 20
310 423 20
311 16 20
314 309 20
316 305 20
317 248 20
318 1010 20
320 320 5 321 5
322 7 20 8 65 9 5 16 40 32 70 37 30 78 5 80 10 179 25 181 35 322 10 323 30 324 20 325 100 326 10
323 16 20
324 9 5 16 130 41 5 131 25 146 10 324 35 325 250 326 15 576 15 577 15
325 16 20
326 9 10 16 90 42 5 45 5 91 10 200 5 276 10 277 20 323 160 324 15 325 15 326 35 570 10
327 7 20 8 95 9 5 16 50 78 5 80 10 117 50 118 30 120 70 125 45 146 5 213 15 323 20 324 10 325 185 326 10 327 20
328 328 30
329 7 20 8 45 9 5 329 15 330 5
330 7 20 8 70 9 10 39 5 57 10 223 5 330 25 339 30 340 5
332 333 20
333 1071 20
334 57 10 334 5 335 20 336 15 337 10
335 1 20 3 20 4 20 5 20 359 20
336 1 20 2 20 3 20 4 20 69 20 95 20 359 20
337 1 20 3 20 4 20 5 20 69 20
338 202 5 338 40
339 16 20
340 9 5 16 20 28 40 39 5 42 5 57 15 91 5 339 125 340 15
341 7 60 8 175 9 30 14 10 16 15 56 10 104 5 122 5 289 25 321 20 330 5 341 60 342 75 343 60 344 60 345 40 346 35 347 30 348 30 349 290 350 125 351 100 352 5 353 5 354 5
342 16 20
343 9 25
344 16 20
345 16 20
346 16 20
347 344 75 347 5 353 25 354 25
348 39 10 57 10 348 25 400 30 410 15
349 16 20
350 16 10 345 200 348 5 350 55
351 9 5 16 15 342 155 351 25 545 5 903 20 904 5
352 349 20
353 9 5 16 15 351 10 353 10 905 30
354 9 5 16 10 350 10 354 10 902 30
355 7 80 8 125 9 35 10 15 11 10 16 5 23 15 42 5 56 10 91 5 104 5 122 5 289 10 330 5 348 35 355 15 356 20 357 5 358 5
356 430 20
357 16 20
358 357 20
360 361 20
361 1151 20
362 360 20 363 20
365 372 20
366 364 20
367 364 20
369 364 20
370 364 20
371 364 20
373 9 100 16 20 39 50 41 15 57 30 88 50 104 5 111 325 126 5 166 25 168 35 173 10 175 15 202 25 240 20 321 5 364 5 373 525 374 5 377 25 378 25 379 15 380 5
375 233 20
376 852 20
379 175 20
380 401 20
381 0 30 9 5 39 15 57 10 91 5 109 120 111 20 373 5 380 5 381 85 382 90 383 65 384 30 385 20 386 20 387 20 388 15 389 10 390 10 391 10 392 5
382 1 20 3 20 4 20 5 20
383 1 20 3 20 4 20 5 20
384 1 20 3 20 4 20 5 20
385 0 10 58 5 68 35 206 10 207 15 301 5 335 10 336 5 383 100 384 85 385 80 387 55 417 5 419 60 421 20 425 15 530 20 717 20 1132 15 1154 5 1172 15
386 1 20 3 20 4 20 5 20
387 1 20 3 20 4 20 5 20
388 1 20 3 20 4 20 5 20
390 16 15 390 30 646 30 647 20 648 5
391 16 20 391 10 738 50
392 1 20 3 20 4 20 5 20
393 39 10 57 10 104 10 292 5 381 30 393 15
394 415 20
395 394 20
396 406 20
397 160 20 397 5
399 16 20
401 16 20
402 403 20
403 415 20
404 1162 20
406 415 20
407 1164 20
408 413 20
409 39 20 57 10
410 995 20
411 1163 20
412 1014 20
413 16 20
414 39 5 57 10 106 45 169 5 175 25 398 5 402 5 414 10 415 5 416 5
417 1 20 3 20 4 20 5 20
418 1 20 3 20 4 20 5 20
419 1 20 5 20
420 1 20 3 20 4 20 95 20
421 1 20 5 20
422 1 20 5 20 206 25 301 20
424 248 20
425 1 20 3 20 4 20 95 20
426 9 5 57 10 426 40 427 80
427 57 10 114 15 427 65
428 7 30 8 220 9 140 16 30 19 5 23 25 356 15 428 10 429 20 430 5
429 16 20
430 16 20
431 7 25 8 155 9 110 16 15 39 10 61 125 63 255 65 10 66 5 104 5 112 15 432 65 433 10
432 16 20
433 16 20 57 15 112 60 433 10 598 5 599 5 600 10
434 7 15 8 260 9 125 16 50 45 130 53 20 78 10 80 60 435 90 436 65 437 535 438 20 439 10
435 16 20
436 16 20
437 16 20
438 435 20
439 9 5 16 40 57 10 80 5 436 75 438 15 439 15
440 7 15 8 80 9 20 16 35 45 60 53 10 78 5 80 10 440 35 441 115 442 15 443 15
441 16 20
442 16 20
443 16 220 45 80 53 35 78 20 80 75 104 5 213 25 416 5 435 30 436 25 438 5 439 5 442 675 443 120 481 70 482 30 528 70 779 20 780 15 781 10
444 7 35 8 120 9 75 16 15 146 10 445 95 446 15
445 16 20
446 16 20
447 7 10 8 30 16 5 166 5
448 7 40 8 365 9 280 16 60 210 10 449 75 450 40 451 30 452 255 453 25 454 25
449 16 20
450 16 20
451 16 20
452 16 20
453 9 5 13 15 16 90 22 15 23 10 356 15 430 5 449 30 450 215 453 125 454 10
454 9 5 10 35 13 195 16 400 21 5 42 100 73 10 77 10 80 10 91 10 143 30 276 10 277 20 356 15 430 15 438 10 449 700 450 75 451 40 453 20 454 240 528 10 551 10 570 10 624 10 768 10 769 5
455 7 15 8 85 9 35 16 25 456 60 457 25 458 5
456 16 20
457 16 20
458 16 45 57 25 91 5 121 25 124 50 457 135 458 5 492 10
459 7 30 8 150 9 85 16 30 71 5 128 10 129 5 460 100 461 15 462 15 463 15 464 10 465 10
460 16 20
461 9 5 16 25 57 10 461 30 462 20 464 125 516 5 586 20 589 50 593 25 594 10 595 5
462 16 20
463 16 20
464 16 20
465 9 5 16 315 42 10 57 10 84 5 91 10 128 125 129 105 143 15 175 20 276 10 277 20 463 340 465 135 495 60 496 35 570 10 754 20 755 20 758 30
466 7 25 8 320 9 230 16 70 32 90 37 30 45 25 53 10 78 10 80 15 179 30 181 35 200 5 435 20 436 25 438 20 439 5 467 475
467 16 20
468 7 20 8 175 9 115 16 20 82 5 87 5 123 5 175 5 469 50 470 10
469 16 20
470 16 20
471 7 25 8 330 9 255 16 85 45 25 53 10 73 5 78 10 80 15 117 40 118 60 120 100 125 60 175 10 435 20 436 30 438 20 439 5 472 605
472 16 20
473 7 20 8 200 9 155 14 5 16 45 31 145 35 85 39 10 104 5 112 10 433 5 474 265
474 16 20
475 7 20 8 240 9 155 16 10 71 5 73 10 195 10 199 5 476 5
476 16 20
477 7 20 8 170 9 125 478 10
479 7 20 8 410 9 365 16 15 175 5 480 25 481 5 482 5
480 16 20
481 16 20
482 9 15 16 320 28 5 44 5 45 45 49 5 53 25 57 15 78 15 80 5 91 25 104 10 202 5 304 10 481 720 482 300 633 5 634 20 635 35 656 25 733 5 779 5 780 35 781 65 798 5 811 5 908 20 909 20 910 15 911 15 912 5 913 5 914 5 915 5 916 5
483 8 40 9 5 41 5 484 15 485 10 486 10
484 9 15 16 55 57 10 165 15 166 5 484 45 485 90 486 15
485 16 20
486 16 25 163 5 167 5 485 5 743 40
487 8 25
488 7 65 8 35 14 5 15 15 202 5 489 40 490 5
489 9 160 15 15 16 220 22 5 23 15 39 45 41 235 49 40 50 10 57 10 71 5 73 40 78 30 80 80 81 5 82 5 84 15 85 15 86 15 87 5 88 10 91 190 104 10 132 5 134 45 143 55 145 10 150 20 151 5 195 5 198 10 200 15 202 30 203 5 223 50 257 5 278 10 416 10 435 40 436 15 438 20 439 15 489 670 490 5 509 5 510 20 539 5 607 5 608 15 620 20 621 10 628 5 629 10 681 5 682 10 695 15 714 5 761 10 831 10 850 5 918 5 966 10 967 5 969 20 970 10 971 10
491 7 10 8 30 16 5 140 5 141 5 492 5
492 16 20
493 7 15 8 30 16 15 32 10 37 15 124 10 140 15 141 5 179 20
494 7 40 8 65 9 10 14 5 16 25 39 10 50 10 71 10 73 10 81 5 117 145 120 75 121 75 123 5 124 55 125 5 140 45 141 20 462 5 494 50 495 35 496 5
495 16 20
496 9 65 16 105 57 15 81 25 82 5 84 5 87 10 91 5 121 5 462 5 495 360 496 85
497 7 40 8 40 9 5 15 10 16 35 128 40 129 55 462 5 463 10 465 15 497 5 498 10
498 9 15 16 15 57 10 128 5 498 5 758 50
499 7 10 8 55 9 15 15 5 16 15 128 5 129 10 465 5 495 25 498 5
500 7 30 8 115 9 45 223 15
501 7 10 8 40 14 35 16 30 32 30 37 20 136 100 179 15 181 35 501 10 502 20 503 10
502 16 20
503 9 5 16 20 137 5 502 50 503 5
504 7 15 8 30 16 20 32 20 37 10 121 30 124 15 140 5 141 5 143 10 181 20
505 7 60 8 80 9 5 11 5 16 50 32 40 37 20 39 5 50 5 78 20 80 20 117 40 120 70 124 60 125 10 140 40 141 25 143 5 145 5 179 65 181 45 438 5 505 30 506 5
506 16 5 28 5 506 15 767 100
507 7 40 8 125 9 25 13 10 16 40 22 5 32 5 37 10 77 5 91 10 143 5 210 10 223 20 321 5 449 25 450 70 451 25 453 30 454 5 507 15 508 25 509 5 510 5 511 5
508 16 20
509 9 5 16 10 39 5 57 10 509 15 510 55
510 16 20
511 16 15 57 10 720 45
512 7 5 8 35 16 15 32 15 37 5 91 5 513 15
513 16 20
514 7 60 8 100 9 45 11 5 14 15 16 15 37 10 39 5 44 20 45 20 46 25 51 5 52 5 53 5 122 5 288 25 289 15 291 10 292 10
515 7 60 8 85 9 25 14 10 16 65 30 5 31 55 32 15 33 20 34 10 35 30 37 5 38 10 56 10 515 30
516 175 20
517 7 10 8 50 518 10 519 10 520 10
518 16 55 518 15 520 5 670 10 809 10 810 75
519 9 30 16 270 39 5 57 10 98 15 101 20 232 10 519 60 665 45 666 35 667 30 668 210 669 20 670 15 671 15 672 15 673 10 674 10
520 9 5 16 45 518 10 520 5 670 5 809 60
521 8 35 14 5 16 5 522 20
522 9 5 16 35 57 15 91 5 179 10 181 5 522 5 765 100
523 7 10 8 35 16 10 524 25 525 20
524 525 20
525 16 20
526 8 35 14 10 15 5 16 10 45 5 80 5 443 5
527 7 10 8 35 14 15 15 5 16 10 443 5 528 5
528 16 20
529 8 35 14 10 15 5 16 10 443 5 481 5
530 1 20 3 20 4 20 95 20
531 7 10 8 30 16 5 39 20 104 5 532 45
532 16 15 63 150 532 15 601 290 602 25
533 534 20
534 16 20
535 536 20
536 16 20
537 538 20
538 16 20
539 9 10 16 50 50 5 57 10 91 5 539 5 540 60 541 20 542 5
540 16 20
542 16 15 540 5 543 30 544 20
543 16 20
545 19 20
546 9 5 16 10 57 10 546 20 547 50 548 5 549 5
547 16 20
548 16 20
549 9 15 16 100 57 25 88 30 91 25 547 15 548 140 549 40 729 25 730 45
550 16 20 22 5 551 25
551 16 20
552 9 5 16 20 57 10 552 15 553 70
553 16 20
554 9 5 16 30 554 15 555 50 556 25 557 15 558 10
555 16 20
556 9 5 16 10 379 5 555 10 556 20 558 40
557 680 20
558 16 20
559 9 10 16 20 559 15 560 55 561 25 562 5 563 5
560 16 20
561 16 5 561 10 568 20
562 16 5 202 5 562 5 569 85
563 16 20
564 9 20 16 30 57 10 541 20 559 5 564 5 565 40 566 5
565 16 20
566 16 15 544 20 565 5 567 30
567 16 20
568 16 20
569 16 20
571 16 40 46 10 47 40 574 120
572 16 20
573 9 5 39 5 57 10 572 50 573 10
574 16 20
575 11 40 28 5 575 170 576 30 577 10
576 16 20
577 16 5 576 65 648 5
578 8 35 14 5 16 15 579 5
579 9 30 16 65 57 10 121 10 124 10 179 5 181 20 511 5 579 20 581 5 753 5 756 150
580 8 35 14 5 16 15 581 5
581 9 40 16 200 39 5 57 10 117 165 118 40 121 15 124 80 179 15 181 65 511 5 581 85 753 515
582 16 20
583 9 15 16 85 57 10 583 5 584 95 585 30 586 25 587 20 588 5
584 16 20
585 585 5 586 90
586 16 20
587 16 20
588 587 25
589 9 20 16 35 163 15 462 190 583 5 589 5 590 15 591 15 592 15
590 16 20
591 16 20
592 16 20
593 16 20
594 16 5 968 65
595 16 10 787 5 788 65
596 9 5 16 5 596 5 597 25
597 16 20
598 9 5 16 25 57 20 357 5 358 5 435 5 438 15 598 10 599 35 600 15
599 16 20
602 16 20
603 16 20
604 9 5 16 75 57 20 71 5 72 65 73 10 91 10 604 10
605 606 20
606 16 20
607 9 10 16 25 57 10 607 15 608 35
608 16 20
609 9 20 16 35 71 5 73 5 609 10 934 40 935 5 936 5
610 9 10 16 15 45 5 57 30 80 15 202 40 435 20 438 10 598 15 599 5 600 15 610 20 615 165
611 9 5 16 30 39 15 57 10 416 5 611 5 612 20
612 16 20
613 9 5 28 5 57 10 614 20
614 16 20
615 16 20
616 9 10 57 10 616 10 617 20
617 16 20
618 619 20
619 16 20
620 16 40 39 5 50 5 91 5 357 5 620 15 621 30 622 10
621 16 20
622 11 30 16 40 42 5 49 5 57 15 91 5 104 5 621 5 622 10 838 45
623 16 20 22 5 624 35
624 16 20
625 9 15 16 220 28 10 31 45 33 20 34 10 35 25 38 5 42 5 57 15 91 30 276 10 277 20 570 10 625 145 626 75 627 275 628 20 629 10 630 5
626 16 20
627 16 20
628 9 5 16 20 57 10 628 10 629 30
629 16 20
630 16 135 32 20 37 15 39 5 57 5 112 5 120 15 125 5 143 10 169 5 433 15 625 30 626 435 627 30 628 15 629 10 630 80
631 632 30
632 16 20
633 16 35 57 5 72 10 91 10 481 10 604 5 634 80 635 10
634 16 20
635 16 20
636 16 15 57 10 223 5 636 5 637 40
637 16 20
638 9 10 16 15 45 5 57 10 58 20 126 5 202 5 301 5 382 30 420 5 638 15 639 65 640 10
639 16 20
640 16 20 639 10 641 100
641 16 20
642 16 5 642 5 643 25
643 16 20
644 9 10 16 5 39 10 57 10 104 5 416 5 644 25 645 65
645 16 20
646 16 20
649 16 10 649 25 650 210 651 5
650 16 20
651 851 20
652 185 55
653 16 20
654 16 15 191 5 655 25
655 16 20
656 889 20
657 9 5 16 15 57 10 191 60 658 75
658 16 20
659 16 15 191 5 660 25
660 16 20
661 9 5 16 95 45 10 53 10 57 10 104 5 416 5 442 15 443 15 481 20 482 5 661 45 662 80 663 30 664 5
662 16 20
663 16 20
664 16 20
665 16 20
666 16 20
667 16 20
668 16 20
669 16 20
670 9 15 16 45 41 10 57 15 91 5 670 55 740 60 741 15 742 5
671 16 20
672 16 65 410 20 666 60 672 5 995 20
673 16 20
674 9 5 16 45 57 10 519 15 665 55 668 15 670 10 674 30
675 16 20
676 16 20
677 16 20
678 9 10 16 45 57 10 73 15 223 30 224 5 225 5 226 10 678 15 679 160
679 16 20
680 16 20
681 682 20
682 16 20
683 16 20
684 9 5 16 15 57 10 232 15 667 30 669 10 684 20
685 686 30
686 16 20
687 144 20
688 9 5 16 40 165 5 166 10 202 5 236 5 689 85
689 16 20
690 16 25 236 5 691 45 692 5
691 16 20
693 39 10 57 10 104 10 693 5
694 16 20
695 16 20
696 16 10 151 5 694 90
697 16 20
698 697 20
699 16 25 22 10 57 10 91 10 271 20 699 5 701 325
700 16 20
701 16 20
702 259 20
703 57 10 202 20 703 30 704 35 705 5 706 5
704 16 10 202 10 705 5 706 5
705 706 20
706 16 20
707 16 20
708 298 20
709 9 10 16 75 45 15 57 10 80 5 286 90 290 5 293 5 294 15 297 5 436 20 709 5
710 7 5 8 50 16 10 41 5 711 5 712 5 713 5
711 9 5 16 50 57 10 360 5 362 60 666 5 672 15 711 5 712 15 713 15 793 15 795 150 796 10
712 16 20
713 9 15 16 40 57 10 201 15 391 5 666 10 672 15 711 5 712 10 713 30 793 55 794 10
714 715 20
715 16 20
716 7 45 8 35 9 30 15 5 16 20 35 5 37 5 78 15 91 15 104 5 716 45
717 1 20 95 20
718 16 20 71 20 719 40
719 16 20
720 16 20
721 722 20
722 16 20
723 16 5 724 25
724 16 20
725 16 5 726 20 727 5
726 16 20
727 16 15 726 5 728 35
728 16 20
729 9 20 16 85 28 5 39 5 57 15 88 15 91 15 134 15 548 15 549 10 649 10 729 90 730 195 731 5
730 16 20
731 16 5 732 25
732 16 20
733 16 5 635 20 733 5
734 16 5 734 5 735 60
735 16 20
736 9 10 16 10 39 15 53 15 57 10 104 15 194 15 197 5 416 5 736 15 737 10
738 16 20
739 16 20
740 16 20
741 16 20
742 741 20
743 16 20
744 16 10 57 5 91 5 744 5 745 35
745 16 20
746 16 10 533 5 534 15 747 80
747 16 20
748 9 5 16 25 88 5 746 5 747 5 748 5 749 40
749 16 20
750 16 20
751 9 5 16 260 32 15 37 20 57 15 91 20 121 40 124 120 128 5 129 5 140 55 141 25 143 20 179 15 181 5 276 10 277 20 457 90 458 40 463 15 465 15 492 245 570 10 656 5 751 110
752 9 15 16 30 57 10 124 10 750 70 752 5
753 16 20
754 16 20
755 16 10 754 85
756 16 20
757 9 5 16 15 57 10 661 20 662 10 664 35 757 10
758 16 20
759 16 20
760 9 10 16 40 57 10 132 25 179 5 181 25 759 115 760 30
761 16 20
762 9 5 16 50 32 5 37 25 57 10 170 5 513 105 762 15 766 10
763 16 20
764 9 5 16 15 57 10 181 5 763 50 764 10
765 16 20
766 16 20
767 16 20
768 16 20
769 955 20
770 771 20
771 16 20
772 773 20
773 16 20
774 9 25 16 105 47 20 48 10 49 5 50 5 57 10 91 15 541 20 571 5 574 10 664 5 757 10 772 10 773 40 774 45 775 75 776 50 777 5
776 16 20
777 16 10 544 20 776 5 778 35
778 16 20
779 9 10 16 5 57 10 779 15 780 10 781 115
780 16 20
781 16 20
782 9 5 16 5 39 5 57 10 202 5 782 15 783 30 784 20
783 16 20
785 16 15 783 5 786 40
786 16 20
787 9 15 16 15 57 10 516 5 593 40 787 10 788 5
788 16 20
789 16 15 304 5 790 55
790 16 20
791 9 20 16 10 88 5 104 5 166 5 292 25 732 50 791 15 792 110
792 16 20
793 16 20
794 9 5 16 35 57 10 711 15 712 65 793 5 794 15 795 5
795 16 20
797 798 20
798 16 20
799 9 10 16 320 42 10 50 5 57 5 82 10 91 10 143 25 175 20 276 10 277 20 495 55 496 20 570 10 754 20 755 20 799 135 800 45 801 325 802 35 803 185 804 15 805 10 806 10
800 16 20
801 16 20
802 16 65 39 15 57 15 71 5 73 5 91 15 462 5 589 10 799 15 801 5 802 15 803 145
803 16 20
804 9 15 16 15 57 10 800 50 803 5 804 5
805 9 5 16 230 42 5 87 10 91 35 128 20 129 10 276 10 277 20 463 50 465 5 570 10 799 5 801 5 803 30 805 50 806 180 807 60 808 30
806 16 20
807 16 20
808 16 35 802 20 803 25 806 5 807 120
809 16 20
810 16 20
811 812 20
812 16 20
813 16 20
814 9 10 16 45 41 5 57 10 117 20 118 5 132 25 813 115 814 35
815 16 25 140 5 815 5 816 40 817 10 818 5
816 16 20
817 16 15 124 10 816 5 819 40
818 16 20
819 16 20
820 16 20
821 57 10 821 5
822 16 20
823 57 10 822 135 823 5
825 16 20
826 9 10 16 155 31 140 32 10 34 20 35 95 36 110 57 10 91 5 104 20 610 10 615 10 687 5 825 385 826 45 829 55 833 10 834 35 837 30
828 9 5 16 100 31 35 32 10 35 10 37 20 39 25 57 20 91 10 143 5 145 5 170 10 820 135 828 40
829 16 20
830 35 10 57 20 823 10 830 15
832 16 15 829 5 832 5 833 40 834 5
833 16 20
834 9 10 16 20 829 55 837 5
835 16 20
836 16 25 133 20 766 60 836 5
837 9 10 16 45 36 180 37 15 39 10 57 10 829 5 837 20
838 16 20
839 16 20
840 841 20
841 16 20
842 843 20
843 16 20
844 16 65 57 10 78 20 91 10 844 5 845 35
845 16 20
846 847 20
847 16 20
848 9 5 16 20 846 5 848 10 849 25
849 16 20
850 9 10 16 25 57 10 144 5 198 15 200 65 203 5 850 15
851 16 20
852 16 20
853 854 20
854 16 20
855 856 20
856 16 20
857 16 20
858 16 20
859 9 5 16 5 39 5 57 10 122 5 859 20 860 105
860 16 20
861 9 10 16 15 57 10 73 5 676 100 861 10
862 9 5 16 60 57 10 71 20 73 15 862 10 863 65
863 16 20
864 9 5 16 5 57 10 225 5 675 55 864 10
865 16 5 39 5 866 40
866 16 20
867 16 20
871 9 5 16 70 528 5 873 115 878 10 879 15 880 40
872 16 20
873 16 20
874 9 5 16 140 39 5 131 40 169 5 213 20 405 5 528 10 871 5 872 315 873 5 874 55 877 20 878 5 879 5
875 16 20
876 9 5 16 90 71 5 87 5 213 15 496 5 528 5 754 5 755 5 876 5 877 165
877 16 20
878 16 20
879 16 20 873 5 878 80 881 40
880 16 20
881 16 20
882 9 20 16 20 292 20 875 40 882 5 883 5
883 9 5 16 15 880 35 884 5
884 881 30
885 16 80 32 10 37 5 57 25 91 25 120 10 125 5 451 10 528 10 885 10 886 210 887 20 888 5
886 16 20
887 16 20
888 16 25 886 10 887 30
889 16 20
890 9 10 16 50 890 10 891 55 892 15 893 10 894 10 895 5
891 16 20
892 16 15 891 5 892 20 893 15 894 40
893 16 20
894 16 20
895 9 5 57 10 893 20 895 10
896 897 25
897 16 20
898 899 40
899 16 20
900 901 40
901 16 20
902 16 20
903 16 10 348 5 903 5 904 90
904 16 20
905 16 20
906 907 20
907 16 20
908 16 20 45 5 481 40 656 5 911 80
909 9 30 16 15 39 5 57 10 292 20 482 5 780 135 909 35 924 20 925 10
910 16 35 45 5 91 10 481 5 910 125 917 35
911 16 20
912 16 20
913 16 5 913 5 914 20
914 16 20
915 16 5 912 20 915 5
916 976 20
917 16 20
918 9 15 16 65 50 5 57 10 91 5 541 20 918 5 919 80 920 5 921 5
919 16 20
920 16 15 544 20 919 5 922 35
921 923 20
922 16 20
923 16 20
924 16 20
925 9 10 16 35 57 10 91 5 779 5 781 15 924 45 925 20
926 9 5 16 70 42 5 45 5 53 5 91 10 117 5 118 5 200 10 276 10 277 20 570 10 850 5 926 95 927 50 928 220 929 10
927 16 20
928 16 20
929 16 95 39 20 41 5 131 75 169 10 637 5 926 15 927 180 928 15 929 45
930 16 30 71 20 857 50 930 5 931 15
931 16 10 71 5 858 20
932 16 5 57 5 91 5 933 45
933 16 20
934 16 20
935 16 20
936 935 20
937 9 10 16 40 28 15 937 10 938 185 939 5 940 5
938 16 20
939 9 5 16 85 28 15 45 10 46 10 78 10 80 5 288 5 937 30 938 25 939 20 941 25 943 10 944 10 945 30 946 225 947 15 948 5
940 9 5 16 55 28 15 73 20 938 5 940 10 941 130 942 10
941 16 20
942 9 5 16 55 859 15 860 5 941 5 942 5 943 65 944 10
943 16 20
944 16 35 942 15 943 5 944 25 949 5 950 65
945 9 5 16 90 28 15 940 15 941 5 943 5 944 10 945 10 946 5 949 145
946 16 20
947 16 20
948 9 5 16 20 151 5 947 25 948 5 953 10 954 5
949 16 20
950 16 20
951 9 5 16 15 948 5 952 25
952 16 20
953 16 20
954 953 20
955 16 20
956 16 10 104 25 321 5 416 5 956 75 957 385
957 16 20
958 9 20 16 170 49 5 53 20 56 70 57 10 168 15 201 30 541 20 582 10 811 30 812 30 840 10 841 10 843 20 853 35 854 45 958 50 959 60 960 110 961 10 962 5 963 5
959 16 15 855 20 856 10 959 5 965 35
960 16 20
961 16 20
962 961 20
963 16 15 544 20 960 5 964 35
964 16 20
965 16 20
966 967 20
967 16 20
968 16 20
969 16 15 39 10 41 10 57 10 202 5 356 5 430 10 969 5
972 818 20
973 9 5 15 10 16 20 255 5 973 5 974 35
974 16 20
975 16 5 663 20 975 5
976 16 20
977 9 25 16 95 39 10 46 30 50 30 57 15 81 5 91 5 104 5 122 5 304 215 789 10 790 15 831 5 977 55
978 311 20
979 980 20
980 16 20
981 16 5 981 10 982 45 983 25
982 16 20
983 57 10 983 20
984 9 5 39 5 57 10 199 25 984 5
985 16 10 28 10 986 40
986 16 20
987 16 15 720 10 986 5 988 35
988 16 20
989 16 30 32 45 181 30 759 15 986 10 990 140
990 16 20
991 992 20
992 16 20
993 994 20
994 16 20
995 16 20
996 997 20
997 16 20
998 999 20
999 16 20
1000 1001 20
1001 16 20
1002 1003 20
1003 16 20
1004 1005 20
1005 16 20
1006 1007 20
1007 16 20
1008 1009 20
1009 16 20
1011 16 20
1012 16 20
1013 399 20
1014 16 20
1015 563 20
1016 16 5 1016 5 1017 20
1017 16 20
1018 1019 20
1019 16 20
1020 1021 20
1021 16 20
1022 9 10 16 30 57 10 73 5 200 5 203 5 850 10 1022 15 1023 25
1023 16 20
1024 9 5 57 10 1024 5 1025 20
1025 16 20
1026 9 5 16 350 41 40 44 10 45 100 49 20 50 5 53 20 56 40 57 15 77 5 79 70 80 5 85 10 91 10 134 30 146 5 166 5 168 20 175 5 201 10 202 20 277 165 379 5 582 5 656 5 811 10 812 15 840 10 841 10 843 20 853 5 854 10 870 5 970 10 1026 405 1027 95 1028 80 1029 75 1030 65 1031 400 1032 45 1033 35 1034 30 1035 30 1036 20 1037 130
1027 16 140 57 45 91 45 104 10 163 10 167 15 282 5 284 25 1027 60 1029 5 1037 340 1042 20 1043 15
1028 16 20
1029 9 5 16 15 57 10 855 15 856 15 1029 20 1045 45
1031 16 20
1032 16 35 57 5 88 5 91 5 1032 10 1036 135
1033 16 20
1034 9 5 16 105 28 5 39 5 56 15 166 5 277 10 282 35 284 15 1026 35 1030 115 1031 20 1032 5 1033 150 1034 125 1037 5 1042 5 1044 5
1035 9 5 16 20 57 10 1026 5 1027 10 1028 80 1031 35 1035 10 1037 5
1036 16 20
1037 16 20
1038 16 5 1038 5 1039 20
1039 16 20
1040 16 10 1040 20 1041 45
1041 16 20
1042 9 5 16 35 1037 10 1040 20 1042 25 1044 95
1044 16 20
1045 16 20
1046 9 5 16 10 57 10 519 5 668 10 713 5 1046 15 1047 55
1047 16 20
1048 1049 20
1049 16 20
1050 16 10 1051 20
1051 16 20
1052 16 15 282 5 1053 35
1053 16 20
1054 9 15 16 35 57 10 541 20 1054 5 1055 35 1056 5
1055 16 20
1056 16 15 544 20 1055 5 1057 35
1057 16 20
1058 7 10 8 20
1059 57 10 1059 45
1060 243 20 532 25 1059 5 1060 20 1061 25 1062 5
1063 532 10 601 20 602 10 1060 35
1064 1 20 2 20 3 20 4 20 5 20 359 20
1065 7 40 8 45 9 15 14 15 16 5 120 10 125 25 1065 5
1066 7 10 8 30 16 5 120 10 125 5
1067 7 35 8 65 9 10 16 25 78 5 117 70 118 30 120 160 125 55 1067 10
1068 7 15 8 50 16 10 32 15 37 10 118 5 120 10 125 10 179 5
1069 7 35 8 495 9 140 14 5 91 130 1069 20
1070 7 15 8 40 16 10 141 5 816 5 972 5
1072 7 5 8 55 16 5 31 15 35 25 91 15 821 10
1073 7 5 8 40 14 5 16 5 133 5
1074 7 10 8 35 14 5 16 35 32 5 36 35 825 20 826 25 829 10 834 5 837 5 1074 5
1075 7 50 8 40 9 25 16 20 829 30 834 5 837 10
1076 7 5 8 35 14 10 16 5 279 5 839 55 971 20
1077 7 10 8 40 10 5 14 5 16 5 42 5 971 20
1078 830 25
1079 31 45 35 10 321 10 822 55 830 125 1079 15
1080 31 115 35 10 821 5 822 50 830 85 1080 5
1081 321 10 830 20 1081 15
1082 7 10 8 105 9 45 14 10 16 30 192 15 198 15 203 5 204 5 257 5 697 75 867 15 1082 20
1083 7 15 8 30 15 10 16 5
1084 16 10 22 10 41 10 57 10 71 20 119 5 223 10 1084 5
1085 7 25 8 20 14 15 73 5 1011 10
1086 7 5 8 35 16 10 213 5 528 15 872 5
1087 7 5 8 30 16 10 39 5 117 10 118 35 120 5 125 5 213 5 528 30 872 40
1088 7 20 8 90 16 35 39 5 78 5 117 10 118 30 120 35 125 25 146 5 192 20 213 10 872 55 874 10 1088 10
1089 7 55 8 75 16 25 124 55 140 55 141 10 213 30 323 10 325 60 326 10 496 5 528 30 872 60 874 40 876 60 877 140 1089 30
1090 7 5 8 45 16 15 131 30 213 15 528 10 872 30 874 5
1091 7 5 8 35 16 15 117 20 118 55 120 20 125 5 871 5 873 60 878 35
1092 7 10 8 45 16 5 213 15 528 25 875 10 880 5 882 10
1093 91 10 168 10 368 30
1094 7 5 8 35 885 15
1095 7 5 8 30 9 30 16 5 311 20 535 5 536 70
1096 7 25 8 300 9 105 14 10 15 10 16 85 49 5 50 5 73 10 78 5 81 25 84 60 91 15 117 5 118 15 120 35 125 20 143 10 495 15 799 10 801 15 802 10 803 30 926 10 927 10 928 30 929 15 1096 25 1097 135 1098 5
1097 16 20
1099 7 10 8 90 9 20 16 25 39 20 41 10 56 85 57 10 158 5 831 30 896 20 897 75 898 10 899 20 900 20 901 15 978 20 1099 55 1100 15 1101 10 1102 5 1103 5 1104 5
1105 7 5 8 45 9 25 56 95 311 15 978 20 1105 40
1106 7 10 8 40 16 5 354 10
1107 7 10 8 40 16 10 353 10
1108 7 30 8 55 9 5 15 10 16 25 32 10 37 30 78 5 179 15 181 10 481 20 482 5 780 5 1108 20
1109 7 10 8 30 14 5 16 10 481 10 482 15
1110 7 75 8 45 9 5 14 30 16 20 202 5 481 35 482 20 779 10 781 10
1111 7 60 8 80 9 5 14 15 15 20 16 35 71 5 73 5 78 15 80 5 91 5 117 15 118 45 120 25 125 25 192 20 637 10 926 5 927 100 928 15 929 10 1111 50
1112 57 10 378 10 1093 10 1112 15 1113 5 1114 5 1115 5
1113 1093 20
1114 126 10 168 10 1093 15 1114 5 1116 20 1117 10
1115 1116 45
1116 57 10 1093 20 1116 25 1127 35
1118 7 5 8 35 16 15 937 5 938 5 946 5
1119 7 10 8 45 16 20 937 10 940 5 941 60 942 5 943 50
1120 7 10 8 45 16 5 937 5 938 5 939 10 946 10 947 10 951 5
1121 7 10 8 80 16 55 78 10 117 15 118 35 120 55 125 40 937 10 938 20 941 10 943 30 944 40 945 10 946 45 949 15
1122 7 10 8 55 16 25 78 5 117 5 118 20 120 30 125 20 937 5 938 45 941 10 943 20
1123 7 5 8 35 16 5 939 5
1124 7 5 8 35 939 10
1125 7 5 8 35 16 75 937 20 942 5 943 15 944 20 946 80 949 15 950 30 1125 10
1126 1126 5
1127 57 10 516 5 1093 50 1127 5
1128 7 15 8 50 9 5 88 15 134 5 1128 10
1129 7 10 8 50 14 15 15 10 16 30 39 10 45 5 53 5 175 10 1015 5
1130 8 40 958 10
1131 11 50 28 80 39 10 57 10 88 10 91 60 104 5 119 5 575 215 577 5 859 5 1131 45
1132 1 20 5 20
1133 57 10 104 10 1133 105
1134 7 25 8 80 9 10 16 20 44 30 45 25 46 30 49 25 51 10 52 5 53 25 91 10 304 5 664 10 757 15 977 5 1134 10
1135 8 35 14 10 16 5 45 5 380 15 401 10
1136 7 10 8 25 57 10 104 5 202 5 416 5 1136 10
1137 7 5 8 45 14 10 16 15 251 25 253 5 255 5 973 5
1138 7 5 8 55 14 15 16 20 251 25 252 10 253 5 254 5 255 5 973 5
1139 1 20 3 20 4 20 5 20
1140 7 10 8 115 9 10 16 25 39 5 87 10 495 120 496 40 656 5 799 10 801 20 802 10 803 30 1140 10
1141 333 20
1142 1142 30
1143 8 35 9 25 1143 215
1144 7 10 8 45 14 20 16 15 721 5 979 10 980 10
1145 8 55 9 5 15 5 16 10 163 10 167 5 721 10 722 5 979 10 980 15
1146 7 15 8 65 9 5 15 10 16 20 41 5 163 305 165 35 166 10 167 5 533 5 534 25 1146 15 1147 10
1148 7 20 8 50 14 20 15 5 16 10 163 5 165 25 166 10 167 5 1147 10
1149 9 25 16 15 39 5 57 45 91 30 104 20 132 10 321 10 435 50 438 10 761 140 992 15 1149 45
1150 7 10 8 55 9 15 15 5 16 15 32 5 37 5 511 5 985 15 986 10 987 5 988 5 989 5 990 5 1150 5
1151 796 20
1152 7 5 8 35 16 5 98 5 99 5
1153 7 10 8 35 9 5 165 15 166 10 1153 5
1154 1 20 5 20
1155 7 20 8 25 14 5 1155 15
1156 7 5 8 35 9 5 14 5 16 5 50 5 163 10 165 5 166 5 1156 5
1157 9 10 11 5 57 10 202 5 243 20 302 25 321 5
1158 7 35 8 35 14 5 16 5 39 5 104 5 122 5 165 5 202 5 1159 40
1159 16 5 39 10 57 10 91 5 104 5 202 15 274 25 275 30 299 30 398 5 416 5 524 10 525 5 1157 20 1159 25
1160 7 5 8 50 9 10 16 5 408 5 410 15 995 50 996 5 998 5 1000 5 1002 5 1004 5 1006 5 1008 5 1160 5
1161 7 85 8 120 9 55 10 15 11 10 16 5 23 15 42 5 348 35 356 20 357 5 358 5 1161 15
1165 7 40 8 50 9 25 45 15 53 25 167 5 173 5 202 30
1166 8 30 16 5 71 5 77 10 85 15 224 5
1167 7 10 8 30 9 35 41 5 55 20 104 5 165 25 166 5
1168 7 15 8 30 14 15 165 10
1169 7 10 8 35 9 35 15 15 16 40 41 5 104 10 165 5 166 5 1018 5 1019 25 1020 5 1021 45 1146 5 1169 25
1170 9 5
1171 7 50 8 185 9 10 16 80 39 20 45 10 53 25 56 45 71 20 73 30 78 15 80 20 104 5 117 5 118 15 120 20 122 35 125 20 143 15 145 5 195 10 198 10 202 10 203 10 321 10 398 10 416 5 435 15 436 5 438 5 439 5 840 5 841 5 850 20 1015 5 1171 20
1172 0 35 39 5 49 5 50 10 57 10 68 35 94 5 176 10 207 5 311 5 321 20 382 80 383 1060 384 825 387 360 392 60 416 5 420 5 425 15 1132 5 1172 25
1173 9 130 16 10 35 5 37 15 39 95 48 5 57 10 78 10 125 10 141 5 183 5 326 15 380 80 482 10 554 10 757 10 811 10 890 15 909 10 937 10 938 15 939 10 1026 10 1173 375 1174 70
1174 9 15 16 45 39 25 45 185 53 75 57 10 78 45 80 160 435 70 436 45 438 50 439 30 610 5 615 10 656 5 1174 195 1176 15
1175 16 20 39 10 57 10 380 5 401 20 598 5 599 10 615 35 1173 35 1174 235 1175 115 1176 160
1176 0 10 16 5 46 5 52 5 57 10 68 40 91 20 94 5 96 25 175 10 196 30 207 20 304 5 336 30 382 10 383 20 384 15 385 35 420 5 422 15 790 30 1064 15 1132 15 1139 5 1172 15 1174 125 1176 130 1179 5
1177 7 15 8 80 14 5 16 40 39 10 101 35 232 5 400 10 410 5 666 5 668 10 669 25 672 15 711 10 1000 5 1001 10 1005 10 1177 10
1178 11 30 16 10 39 235 49 10 50 10 57 10 91 5 104 5 126 30 304 75 977 25 1178 50
1180 7 20 8 40 16 5 45 15 1026 25 1031 25
1181 7 20 8 40 16 5 45 15 1033 25 1034 25
1182 7 10 8 45 14 20 16 20 721 5 979 5 1048 10
1183 7 15 8 40 9 20 15 25
1184 8 30 14 5 16 5 91 5 282 5
1185 16 20
1186 16 20