0 1 20
0 2 20
0 3 20
0 4 20
0 5 20
5 206 20
6 6 15
6 7 50
6 8 45
6 9 10
6 10 10
6 11 10
8 824 20
10 16 20
12 7 10
12 8 70
12 12 10
12 13 85
12 14 25
12 15 25
12 16 25
12 17 15
12 18 15
12 19 10
12 20 10
12 21 5
12 22 5
12 23 5
13 16 20
16 233 20
17 21 20
18 20 20
19 16 20
20 16 20
21 16 20
22 13 20
23 223 20
24 7 15
24 8 270
24 9 125
24 15 15
24 16 10
24 20 290
25 7 40
25 8 35
25 9 5
25 16 15
25 26 40
25 27 10
25 28 5
26 16 20
27 16 10
27 26 435
29 7 25
29 8 100
29 9 20
29 15 10
29 16 50
29 29 105
29 30 25
29 31 130
29 32 120
29 33 15
29 34 15
29 35 15
29 36 10
29 37 10
29 38 5
29 39 5
30 16 20
31 16 20
32 16 20
33 9 20
33 16 220
33 30 370
33 31 10
33 32 5
33 33 200
33 34 105
33 35 5
33 36 5
33 37 5
33 38 35
33 42 5
33 49 10
33 57 10
33 78 25
33 80 15
33 91 15
33 104 5
33 276 10
33 277 20
33 511 5
33 570 10
34 16 20
35 9 45
35 16 735
35 30 30
35 31 1995
35 32 25
35 33 35
35 34 15
35 35 930
35 37 20
35 38 50
35 39 40
35 42 10
35 49 20
35 56 15
35 57 15
35 78 55
35 80 50
35 91 50
35 104 5
35 120 10
35 125 20
35 143 45
35 144 25
35 145 20
35 146 5
35 169 5
35 170 15
35 202 10
35 273 10
35 276 10
35 277 20
35 321 5
35 379 5
35 405 10
35 570 10
35 610 25
35 615 190
35 656 5
35 687 5
35 707 30
35 820 50
35 821 50
35 822 40
35 823 30
35 824 20
35 825 5
35 826 5
35 827 5
35 828 5
35 829 5
35 830 5
35 831 5
36 16 20
37 9 55
37 16 935
37 30 5
37 32 1585
37 33 15
37 34 10
37 37 400
37 38 10
37 39 30
37 42 10
37 45 15
37 49 10
37 53 5
37 57 30
37 73 25
37 74 10
37 75 15
37 78 80
37 80 75
37 91 50
37 117 20
37 118 5
37 120 185
37 121 20
37 122 5
37 124 30
37 125 10
37 133 20
37 136 70
37 140 85
37 143 60
37 146 5
37 169 15
37 179 100
37 181 300
37 202 15
37 213 5
37 273 10
37 276 10
37 277 20
37 288 5
37 436 20
37 502 25
37 513 10
37 528 15
37 570 10
37 579 5
37 581 5
37 626 10
37 627 5
37 628 5
37 630 10
37 656 5
37 687 10
37 707 30
37 753 5
37 759 40
37 760 20
37 761 10
37 762 5
38 9 10
38 16 100
38 30 10
38 31 15
38 32 45
38 33 15
38 34 210
38 35 15
38 37 20
38 38 35
39 233 20
40 7 30
40 8 35
40 9 5
40 16 5
40 30 10
40 33 15
40 39 5
40 40 10
40 41 40
40 42 5
42 9 5
42 10 145
42 16 55
42 23 15
42 28 25
42 42 75
42 57 10
42 77 15
42 79 5
42 85 15
42 223 25
42 279 20
42 357 15
42 620 5
42 621 10
42 838 10
42 839 5
43 7 40
43 8 95
43 9 10
43 16 25
43 43 5
43 44 80
43 45 50
43 46 45
43 47 40
43 48 30
43 49 25
43 50 20
43 51 20
43 52 10
43 53 10
44 9 5
44 16 30
44 44 90
44 51 45
44 53 15
44 78 15
44 80 10
45 16 20
47 16 20
48 9 20
48 16 90
48 28 15
48 45 15
48 47 295
48 48 75
48 57 10
48 71 40
48 73 40
48 78 5
48 121 5
48 124 30
48 140 25
48 194 5
48 202 5
48 461 5
48 464 15
48 571 15
48 572 10
48 573 10
49 50 20
50 16 20
51 16 20
52 16 40
52 46 55
52 51 5
52 790 5
52 1012 100
53 45 20
54 54 10
54 55 15
54 56 10
54 57 10
57 171 20
58 1 20
58 3 20
58 4 20
58 5 20
59 7 5
59 8 60
59 16 10
59 59 20
59 60 70
59 61 25
59 62 25
59 63 25
59 64 10
59 65 5
59 66 5
61 16 20
62 9 5
62 57 10
62 62 10
62 64 10
62 603 20
63 16 20
65 9 10
65 16 50
65 31 30
65 32 5
65 35 5
65 37 5
65 57 5
65 61 235
65 65 40
65 91 5
65 432 10
66 9 5
66 16 200
66 31 10
66 35 10
66 42 20
66 61 110
66 65 10
66 66 55
66 91 25
66 112 30
66 276 10
66 277 20
66 432 335
66 433 10
66 511 5
66 570 10
67 7 35
67 8 65
67 14 15
67 15 15
67 16 35
67 31 115
67 32 25
67 35 80
67 37 15
67 61 20
67 63 40
67 65 10
67 66 5
67 67 10
68 1 20
68 3 20
68 4 20
68 5 20
68 69 20
70 7 20
70 8 60
70 9 15
70 16 30
70 70 30
70 71 35
70 72 25
70 73 125
70 74 10
70 75 10
71 9 20
71 16 260
71 22 5
71 39 10
71 57 20
71 71 70
71 73 395
71 91 10
71 150 25
71 151 5
71 197 5
71 199 5
71 202 5
71 223 5
71 224 5
71 462 5
71 495 30
71 572 5
71 589 5
71 719 80
71 857 50
71 858 30
71 859 10
71 860 5
71 861 5
72 16 20
73 16 20
74 9 15
74 16 140
74 57 30
74 71 20
74 72 20
74 73 15
74 74 30
74 75 170
74 91 20
74 604 40
75 16 20
76 7 20
76 8 55
76 14 10
76 16 55
76 77 20
76 78 15
76 79 15
76 80 15
76 81 5
76 82 5
76 83 5
76 84 5
76 85 5
76 86 5
76 87 5
76 88 5
77 16 20
78 9 100
78 16 185
78 22 5
78 39 20
78 45 10
78 53 5
78 57 15
78 78 130
78 80 415
78 91 5
78 202 75
78 416 5
78 436 25
78 437 50
78 439 10
78 607 25
78 608 100
78 609 10
78 610 5
79 16 20
80 16 20
81 84 20
82 87 20
83 16 20
84 16 20
85 77 20
86 83 20
87 16 20
88 134 20
89 7 10
89 8 30
89 16 10
89 78 10
89 80 5
90 7 20
90 8 110
90 9 5
90 14 10
90 16 20
90 35 5
90 37 5
90 78 20
90 80 20
90 90 30
90 91 25
92 7 15
92 8 60
92 9 20
92 15 10
92 16 5
93 7 10
93 8 35
93 14 5
93 35 5
93 37 5
94 1 20
94 95 20
95 206 20
96 1 20
96 2 20
96 3 20
96 4 20
96 5 20
97 7 5
97 8 35
97 16 5
97 98 5
97 99 5
98 9 15
98 16 45
98 39 5
98 57 10
98 98 50
98 99 120
98 101 20
98 232 5
98 666 5
98 672 15
99 16 20
100 7 5
100 8 35
100 16 5
100 98 5
100 99 5
101 57 10
101 101 45
101 102 10
102 16 20
103 8 20
103 104 5
104 319 20
105 8 20
105 106 5
106 16 20
106 39 75
106 53 20
106 57 10
106 88 25
106 91 5
106 104 15
106 106 60
106 109 15
106 122 15
106 160 95
106 168 20
106 169 45
106 170 35
106 364 5
106 379 5
106 380 10
106 394 85
106 395 65
106 396 60
106 397 55
106 398 35
106 399 30
106 400 30
106 401 20
106 402 20
106 403 15
106 404 15
106 405 15
106 406 15
106 407 15
106 408 15
106 409 10
106 410 10
106 411 10
106 412 5
106 413 5
107 57 10
107 108 35
107 109 25
108 57 10
108 108 35
108 109 15
108 111 10
108 114 20
109 16 10
109 39 40
109 57 10
109 88 5
109 91 30
109 104 40
109 109 315
109 111 125
109 114 5
109 134 5
109 233 20
109 240 50
109 283 10
109 292 110
109 321 5
109 365 20
109 366 25
109 367 5
109 373 280
109 374 25
109 375 10
109 376 5
110 57 10
110 108 35
110 109 30
110 110 5
110 111 5
110 112 5
111 9 5
111 39 70
111 57 10
111 88 20
111 104 25
111 111 260
111 126 5
111 168 70
111 202 40
111 233 20
111 283 20
111 321 15
111 364 70
111 365 30
111 366 10
111 367 10
111 368 5
111 369 5
111 370 5
111 371 5
112 16 20
113 39 10
113 57 10
113 108 60
113 109 40
115 57 10
115 108 75
115 109 50
116 16 20
116 39 65
116 57 10
116 73 5
116 81 5
116 84 10
116 104 5
116 108 105
116 109 375
116 111 15
116 117 60
116 118 45
116 119 20
116 120 100
116 121 10
116 122 5
116 123 5
116 124 5
116 125 5
116 126 5
117 16 20
118 9 20
118 16 515
118 39 25
118 57 70
118 71 40
118 73 15
118 88 10
118 91 125
118 117 1050
118 118 440
118 119 55
118 120 125
118 121 20
118 124 15
118 125 30
118 131 190
118 134 10
118 140 10
118 141 5
118 144 5
118 169 50
118 170 80
118 200 5
118 379 5
118 405 15
118 462 5
118 495 10
118 577 5
118 609 10
118 637 5
118 814 10
119 9 10
119 16 60
119 57 30
119 71 5
119 73 20
119 91 10
119 119 60
119 122 5
119 859 335
119 860 15
119 1011 175
120 16 20
121 9 10
121 16 215
121 39 30
121 57 25
121 71 25
121 73 25
121 81 10
121 84 20
121 91 20
121 117 80
121 118 45
121 119 20
121 120 5
121 121 240
121 123 10
121 124 530
121 140 65
121 141 15
121 169 15
121 170 10
121 179 30
121 181 45
121 492 5
121 579 5
121 581 5
121 753 10
121 756 10
123 9 15
123 16 30
123 57 15
123 73 20
123 82 5
123 91 5
123 123 5
123 470 30
124 16 20
125 9 65
125 16 955
125 32 55
125 37 25
125 39 50
125 42 5
125 45 5
125 50 5
125 53 5
125 57 30
125 71 10
125 73 50
125 74 10
125 75 15
125 78 50
125 80 90
125 81 20
125 84 10
125 85 5
125 88 5
125 91 35
125 117 380
125 118 125
125 120 1720
125 121 75
125 122 5
125 123 5
125 124 55
125 125 590
125 134 5
125 140 100
125 141 50
125 143 95
125 145 15
125 169 30
125 170 10
125 179 45
125 181 10
125 200 10
125 202 10
125 213 5
125 269 5
125 273 10
125 276 10
125 277 20
125 288 5
125 436 35
125 439 5
125 462 5
125 495 10
125 496 10
125 528 50
125 570 10
125 609 10
125 656 5
125 687 10
125 707 30
125 761 10
125 813 40
125 814 20
126 168 20
127 39 10
127 57 10
127 108 50
127 109 40
127 127 10
127 128 15
127 129 5
128 16 20
129 9 5
129 16 110
129 39 5
129 57 30
129 71 15
129 73 10
129 91 15
129 128 230
129 129 75
129 462 5
129 463 10
129 465 15
129 495 35
129 498 5
129 589 10
129 758 15
130 9 5
130 16 5
130 39 140
130 57 15
130 88 5
130 91 5
130 104 5
130 108 70
130 109 380
130 111 50
130 119 45
130 122 5
130 126 5
130 130 40
130 131 115
130 132 10
130 133 5
130 134 5
131 9 10
131 16 5
131 57 10
131 104 5
131 131 105
131 257 5
131 695 5
131 850 5
131 868 35
131 869 15
131 870 5
132 9 15
132 16 40
132 28 5
132 57 10
132 132 25
132 761 160
133 9 5
133 16 95
133 32 40
133 37 10
133 57 10
133 91 20
133 133 45
133 513 15
133 762 10
133 766 10
133 835 130
133 836 10
134 16 20
135 39 25
135 57 15
135 104 5
135 108 35
135 109 85
135 111 5
135 126 5
135 132 10
135 135 40
135 136 10
135 137 5
136 16 20
137 9 5
137 16 35
137 39 20
137 57 5
137 91 5
137 104 5
137 132 10
137 136 175
137 137 80
137 170 15
137 379 5
137 637 5
138 39 15
138 108 20
138 109 10
139 9 10
139 16 5
139 39 180
139 53 5
139 57 15
139 71 15
139 78 15
139 81 5
139 84 5
139 88 5
139 91 5
139 104 5
139 108 105
139 109 910
139 111 50
139 117 40
139 118 5
139 119 55
139 120 80
139 121 20
139 122 5
139 124 15
139 125 5
139 126 10
139 131 140
139 134 5
139 139 45
139 140 30
139 141 5
140 16 20
141 9 20
141 16 820
141 32 120
141 37 5
141 39 10
141 42 10
141 45 5
141 47 10
141 48 10
141 50 10
141 57 15
141 71 25
141 73 20
141 78 35
141 80 55
141 81 10
141 91 30
141 104 5
141 117 310
141 118 40
141 120 210
141 121 95
141 122 5
141 124 360
141 125 15
141 140 1570
141 141 275
141 143 45
141 169 15
141 170 5
141 175 25
141 179 5
141 181 25
141 202 10
141 269 5
141 273 15
141 276 10
141 277 20
141 288 5
141 436 15
141 461 5
141 462 15
141 464 30
141 489 5
141 492 30
141 495 25
141 496 40
141 570 10
141 579 5
141 581 5
141 589 10
141 656 5
141 707 30
141 750 45
141 751 35
141 752 20
141 753 10
141 754 10
141 755 10
141 756 5
142 32 15
142 37 15
142 39 60
142 57 10
142 108 100
142 109 215
142 142 10
142 143 25
142 144 25
142 145 15
142 146 5
143 16 20
144 16 20
145 143 20
146 446 20
147 31 15
147 32 5
147 35 5
147 37 5
147 39 25
147 57 10
147 91 5
147 108 55
147 109 45
147 143 5
147 145 5
148 39 5
148 57 10
148 108 50
148 109 30
149 16 5
149 108 20
149 109 10
149 150 5
149 151 5
150 16 20
151 9 15
151 16 10
151 39 5
151 57 10
151 150 45
151 151 15
152 39 15
152 108 20
152 109 10
153 39 10
153 57 10
153 108 40
153 109 70
153 131 15
154 57 10
154 104 10
154 108 20
154 109 20
155 39 35
155 57 10
155 108 35
155 109 15
155 111 5
155 131 60
156 108 20
156 109 10
157 9 5
157 39 20
157 57 10
157 108 50
157 109 20
157 146 5
158 159 20
160 39 20
161 7 25
161 8 85
161 9 30
161 161 50
161 162 65
161 163 65
161 164 30
161 165 20
161 166 20
161 167 15
161 168 15
162 16 20
163 16 20
164 162 20
165 16 20
166 165 20
167 163 20
169 170 20
172 7 25
172 8 95
172 14 5
172 16 20
172 163 65
172 167 50
172 168 10
172 173 5
174 7 5
174 8 95
174 9 25
174 14 35
174 16 25
174 41 10
174 163 65
174 165 15
174 166 5
174 167 30
174 175 5
176 1 20
176 5 20
177 7 5
177 8 70
177 16 40
177 32 20
177 37 20
177 78 5
177 178 20
177 179 20
177 180 20
177 181 5
177 182 5
177 183 5
178 16 20
179 9 20
179 16 485
179 32 145
179 37 20
179 39 30
179 57 15
179 71 20
179 73 15
179 88 5
179 91 25
179 117 135
179 118 50
179 119 45
179 121 50
179 124 140
179 131 195
179 132 15
179 134 5
179 141 10
179 170 5
179 179 435
179 181 920
179 200 5
179 379 5
179 435 40
179 438 5
179 439 5
179 442 65
179 443 20
179 481 50
179 482 5
179 663 30
179 760 10
179 761 5
179 763 90
179 764 30
179 765 130
180 16 20
181 16 20
182 9 5
182 16 50
182 180 50
182 185 5
182 652 10
183 9 5
183 16 35
183 57 5
183 91 5
183 178 50
183 180 5
183 188 5
183 653 5
184 7 10
184 8 45
184 9 5
184 11 10
184 14 10
184 15 10
184 16 35
184 178 20
184 180 55
184 182 20
184 183 5
184 184 10
184 185 75
184 186 15
184 187 10
184 188 10
185 16 20
186 16 55
186 57 5
186 91 5
186 178 5
186 183 5
186 186 10
186 187 80
186 188 15
186 653 10
187 16 20
188 9 5
188 16 70
188 57 5
188 91 5
188 178 10
188 183 15
188 185 20
188 186 5
188 187 5
188 188 10
188 652 5
188 653 80
189 7 10
189 8 45
189 14 10
189 16 10
189 182 10
190 8 90
190 15 25
190 16 70
190 49 10
190 71 5
190 73 85
190 78 5
190 80 20
190 191 95
190 192 50
190 193 15
190 194 15
190 195 10
190 196 10
190 197 10
190 198 10
190 199 5
190 200 5
190 201 5
190 202 5
190 203 5
190 204 5
191 16 20
192 16 20
193 9 5
193 16 10
193 57 10
193 191 70
193 193 15
193 202 5
193 656 5
194 16 20
195 9 5
195 16 15
195 57 10
195 195 15
195 203 5
195 867 85
197 9 5
197 16 35
197 57 10
197 194 55
197 197 10
198 9 5
198 16 50
198 28 5
198 57 5
198 91 5
198 195 5
198 198 10
198 200 5
198 203 65
198 257 5
198 850 15
199 16 20
200 16 20
201 582 20
203 16 20
204 9 5
204 57 10
204 192 25
204 204 5
205 7 20
205 8 20
205 14 10
205 15 10
206 207 20
207 301 20
207 302 20
208 7 10
208 8 30
208 37 10
209 7 10
209 8 40
209 210 10
210 9 5
210 10 10
210 16 235
210 42 35
210 91 10
210 143 10
210 210 145
210 276 10
210 277 20
210 449 190
210 451 435
210 454 80
210 570 10
211 7 10
211 8 40
211 125 10
212 7 10
212 8 40
212 213 10
213 9 20
213 16 185
213 22 5
213 200 5
213 213 25
213 528 205
213 871 25
213 872 25
213 873 20
213 874 15
213 875 10
213 876 5
214 7 10
214 8 45
214 16 5
214 215 30
214 216 10
214 217 5
215 16 20
216 9 5
216 16 15
216 215 25
216 217 5
217 16 30
217 215 10
217 739 40
218 7 25
218 8 40
218 16 15
218 120 10
218 125 30
218 143 5
219 7 10
219 8 25
219 14 10
219 16 5
219 220 5
220 9 10
220 16 80
220 23 5
220 50 35
220 57 10
220 73 10
220 118 5
220 220 165
220 222 85
220 223 5
220 224 125
220 225 105
220 226 5
220 675 10
220 677 570
220 678 15
220 679 10
221 7 25
221 8 125
221 9 30
221 14 30
221 15 30
221 16 55
221 23 5
221 41 10
221 71 5
221 73 5
221 221 45
221 222 90
221 223 40
221 224 35
221 225 25
221 226 15
221 227 15
221 228 10
221 229 5
221 230 5
222 16 20
223 16 20
224 9 55
224 16 165
224 23 30
224 41 20
224 57 25
224 71 5
224 73 165
224 77 10
224 85 5
224 91 10
224 146 5
224 192 10
224 220 5
224 222 270
224 223 130
224 224 135
224 225 10
224 226 20
224 416 5
224 675 30
224 676 5
225 226 20
226 16 20
227 16 20
228 16 20
229 227 25
229 228 5
230 9 5
230 16 25
230 228 40
230 229 5
231 7 5
231 8 35
231 232 10
232 9 15
232 16 195
232 57 15
232 91 5
232 98 20
232 99 5
232 232 45
232 666 25
232 667 15
232 669 100
232 672 15
232 673 35
232 683 25
232 684 10
234 7 15
234 8 30
234 15 20
234 16 5
234 202 5
234 235 5
234 236 5
235 9 10
235 16 35
235 57 10
235 235 10
235 236 60
235 688 5
236 16 20
237 7 10
237 8 20
237 15 20
238 7 10
238 8 30
238 15 30
238 16 20
238 235 5
238 236 25
239 7 10
239 8 40
239 14 10
239 15 10
239 16 10
239 235 5
240 240 5
241 57 10
241 242 10
242 57 10
242 242 15
242 331 5
243 244 20
243 245 20
243 246 20
243 247 20
248 249 20
250 9 5
250 16 15
250 57 10
250 251 45
250 252 25
250 253 20
250 254 10
250 255 5
251 16 20
252 16 20
253 16 15
253 251 10
253 253 10
254 16 20
254 251 5
254 252 90
255 9 5
255 16 15
255 251 60
255 254 5
255 255 10
256 8 35
256 14 10
256 16 5
256 257 5
257 9 10
257 16 50
257 28 5
257 257 10
257 694 20
257 695 105
257 696 15
257 697 10
257 698 5
258 7 35
258 8 90
258 16 40
258 71 20
258 78 10
258 80 10
258 117 10
258 118 20
258 120 20
258 125 50
258 258 5
258 259 35
258 260 15
258 261 5
259 16 20
260 9 5
260 16 20
260 261 40
260 702 5
261 16 20
262 7 20
262 8 140
262 9 20
262 16 55
262 39 5
262 71 5
262 73 15
262 78 30
262 80 10
262 117 10
262 118 20
262 120 55
262 125 50
262 143 45
262 145 15
262 262 35
262 263 90
262 264 65
262 265 40
262 266 35
262 267 20
262 268 110
262 269 10
263 9 5
263 16 5
263 57 10
263 263 5
263 268 80
264 16 5
264 71 20
264 264 30
264 265 50
265 16 20
266 16 20
267 9 5
267 16 15
267 264 5
267 266 25
268 16 20
269 79 20
270 8 45
270 14 10
270 15 5
270 16 5
270 271 5
271 9 10
271 13 65
271 16 60
271 57 10
271 271 20
271 321 5
271 699 60
271 700 470
271 701 35
272 8 35
272 16 10
272 273 15
273 9 5
273 16 50
273 57 10
273 143 35
273 145 10
273 273 15
273 707 185
274 275 20
276 277 20
278 8 65
278 9 10
278 16 10
278 57 10
278 145 5
278 278 10
278 279 10
279 10 5
279 16 25
279 839 65
280 9 5
280 16 55
280 39 5
280 56 15
280 57 10
280 280 25
280 281 20
280 282 20
280 283 5
280 284 5
282 16 20
284 9 5
284 16 275
284 56 30
284 57 10
284 91 10
284 104 15
284 282 270
284 284 60
284 416 5
284 798 10
284 1027 65
284 1030 25
284 1034 15
284 1037 170
284 1042 15
284 1044 65
284 1052 5
285 7 30
285 8 130
285 11 5
285 14 15
285 16 80
285 32 5
285 37 5
285 39 5
285 44 35
285 45 15
285 46 25
285 50 5
285 51 5
285 52 5
285 53 5
285 78 10
285 80 35
285 285 5
285 286 55
285 287 45
285 288 25
285 289 10
285 290 10
285 291 10
285 292 10
285 293 10
285 294 5
285 295 5
286 16 20
287 16 20
289 346 20
290 16 20
293 16 20
294 9 5
294 16 50
294 78 5
294 286 20
294 290 40
294 294 15
294 295 15
294 709 25
295 9 5
295 16 30
295 57 10
295 287 25
295 295 15
295 298 5
295 708 15
296 7 40
296 8 60
296 9 20
296 16 75
296 286 10
296 287 45
296 290 25
296 293 15
296 294 25
296 295 15
296 296 35
296 297 30
296 298 5
297 9 5
297 16 130
297 31 5
297 32 25
297 35 15
297 37 15
297 146 25
297 286 15
297 293 310
297 297 70
297 709 15
298 16 20
299 275 20
299 300 20
301 299 20
303 8 50
303 39 5
303 49 5
303 50 15
303 122 5
303 304 5
304 16 20
305 306 20
306 310 20
307 7 10
307 8 25
307 14 10
307 15 10
308 7 15
308 8 25
308 14 10
308 15 10
308 16 5
308 202 5
308 248 5
308 305 5
308 308 5
308 309 85
308 310 20
308 311 15
308 312 10
308 313 5
308 314 5
308 315 5
308 316 5
308 317 5
308 318 5
309 16 20
310 423 20
311 16 20
314 309 20
316 305 20
317 248 20
318 1010 20
320 320 5
320 321 5
322 7 20
322 8 65
322 9 5
322 16 40
322 32 70
322 37 30
322 78 5
322 80 10
322 179 25
322 181 35
322 322 10
322 323 30
322 324 20
322 325 100
322 326 10
323 16 20
324 9 5
324 16 130
324 41 5
324 131 25
324 146 10
324 324 35
324 325 250
324 326 15
324 576 15
324 577 15
325 16 20
326 9 10
326 16 90
326 42 5
326 45 5
326 91 10
326 200 5
326 276 10
326 277 20
326 323 160
326 324 15
326 325 15
326 326 35
326 570 10
327 7 20
327 8 95
327 9 5
327 16 50
327 78 5
327 80 10
327 117 50
327 118 30
327 120 70
327 125 45
327 146 5
327 213 15
327 323 20
327 324 10
327 325 185
327 326 10
327 327 20
328 328 30
329 7 20
329 8 45
329 9 5
329 329 15
329 330 5
330 7 20
330 8 70
330 9 10
330 39 5
330 57 10
330 223 5
330 330 25
330 339 30
330 340 5
332 333 20
333 1071 20
334 57 10
334 334 5
334 335 20
334 336 15
334 337 10
335 1 20
335 3 20
335 4 20
335 5 20
335 359 20
336 1 20
336 2 20
336 3 20
336 4 20
336 69 20
336 95 20
336 359 20
337 1 20
337 3 20
337 4 20
337 5 20
337 69 20
338 202 5
338 338 40
339 16 20
340 9 5
340 16 20
340 28 40
340 39 5
340 42 5
340 57 15
340 91 5
340 339 125
340 340 15
341 7 60
341 8 175
341 9 30
341 14 10
341 16 15
341 56 10
341 104 5
341 122 5
341 289 25
341 321 20
341 330 5
341 341 60
341 342 75
341 343 60
341 344 60
341 345 40
341 346 35
341 347 30
341 348 30
341 349 290
341 350 125
341 351 100
341 352 5
341 353 5
341 354 5
342 16 20
343 9 25
344 16 20
345 16 20
346 16 20
347 344 75
347 347 5
347 353 25
347 354 25
348 39 10
348 57 10
348 348 25
348 400 30
348 410 15
349 16 20
350 16 10
350 345 200
350 348 5
350 350 55
351 9 5
351 16 15
351 342 155
351 351 25
351 545 5
351 903 20
351 904 5
352 349 20
353 9 5
353 16 15
353 351 10
353 353 10
353 905 30
354 9 5
354 16 10
354 350 10
354 354 10
354 902 30
355 7 80
355 8 125
355 9 35
355 10 15
355 11 10
355 16 5
355 23 15
355 42 5
355 56 10
355 91 5
355 104 5
355 122 5
355 289 10
355 330 5
355 348 35
355 355 15
355 356 20
355 357 5
355 358 5
356 430 20
357 16 20
358 357 20
360 361 20
361 1151 20
362 360 20
362 363 20
365 372 20
366 364 20
367 364 20
369 364 20
370 364 20
371 364 20
373 9 100
373 16 20
373 39 50
373 41 15
373 57 30
373 88 50
373 104 5
373 111 325
373 126 5
373 166 25
373 168 35
373 173 10
373 175 15
373 202 25
373 240 20
373 321 5
373 364 5
373 373 525
373 374 5
373 377 25
373 378 25
373 379 15
373 380 5
375 233 20
376 852 20
379 175 20
380 401 20
381 0 30
381 9 5
381 39 15
381 57 10
381 91 5
381 109 120
381 111 20
381 373 5
381 380 5
381 381 85
381 382 90
381 383 65
381 384 30
381 385 20
381 386 20
381 387 20
381 388 15
381 389 10
381 390 10
381 391 10
381 392 5
382 1 20
382 3 20
382 4 20
382 5 20
383 1 20
383 3 20
383 4 20
383 5 20
384 1 20
384 3 20
384 4 20
384 5 20
385 0 10
385 58 5
385 68 35
385 206 10
385 207 15
385 301 5
385 335 10
385 336 5
385 383 100
385 384 85
385 385 80
385 387 55
385 417 5
385 419 60
385 421 20
385 425 15
385 530 20
385 717 20
385 1132 15
385 1154 5
385 1172 15
386 1 20
386 3 20
386 4 20
386 5 20
387 1 20
387 3 20
387 4 20
387 5 20
388 1 20
388 3 20
388 4 20
388 5 20
390 16 15
390 390 30
390 646 30
390 647 20
390 648 5
391 16 20
391 391 10
391 738 50
392 1 20
392 3 20
392 4 20
392 5 20
393 39 10
393 57 10
393 104 10
393 292 5
393 381 30
393 393 15
394 415 20
395 394 20
396 406 20
397 160 20
397 397 5
399 16 20
401 16 20
402 403 20
403 415 20
404 1162 20
406 415 20
407 1164 20
408 413 20
409 39 20
409 57 10
410 995 20
411 1163 20
412 1014 20
413 16 20
414 39 5
414 57 10
414 106 45
414 169 5
414 175 25
414 398 5
414 402 5
414 414 10
414 415 5
414 416 5
417 1 20
417 3 20
417 4 20
417 5 20
418 1 20
418 3 20
418 4 20
418 5 20
419 1 20
419 5 20
420 1 20
420 3 20
420 4 20
420 95 20
421 1 20
421 5 20
422 1 20
422 5 20
422 206 25
422 301 20
424 248 20
425 1 20
425 3 20
425 4 20
425 95 20
426 9 5
426 57 10
426 426 40
426 427 80
427 57 10
427 114 15
427 427 65
428 7 30
428 8 220
428 9 140
428 16 30
428 19 5
428 23 25
428 356 15
428 428 10
428 429 20
428 430 5
429 16 20
430 16 20
431 7 25
431 8 155
431 9 110
431 16 15
431 39 10
431 61 125
431 63 255
431 65 10
431 66 5
431 104 5
431 112 15
431 432 65
431 433 10
432 16 20
433 16 20
433 57 15
433 112 60
433 433 10
433 598 5
433 599 5
433 600 10
434 7 15
434 8 260
434 9 125
434 16 50
434 45 130
434 53 20
434 78 10
434 80 60
434 435 90
434 436 65
434 437 535
434 438 20
434 439 10
435 16 20
436 16 20
437 16 20
438 435 20
439 9 5
439 16 40
439 57 10
439 80 5
439 436 75
439 438 15
439 439 15
440 7 15
440 8 80
440 9 20
440 16 35
440 45 60
440 53 10
440 78 5
440 80 10
440 440 35
440 441 115
440 442 15
440 443 15
441 16 20
442 16 20
443 16 220
443 45 80
443 53 35
443 78 20
443 80 75
443 104 5
443 213 25
443 416 5
443 435 30
443 436 25
443 438 5
443 439 5
443 442 675
443 443 120
443 481 70
443 482 30
443 528 70
443 779 20
443 780 15
443 781 10
444 7 35
444 8 120
444 9 75
444 16 15
444 146 10
444 445 95
444 446 15
445 16 20
446 16 20
447 7 10
447 8 30
447 16 5
447 166 5
448 7 40
448 8 365
448 9 280
448 16 60
448 210 10
448 449 75
448 450 40
448 451 30
448 452 255
448 453 25
448 454 25
449 16 20
450 16 20
451 16 20
452 16 20
453 9 5
453 13 15
453 16 90
453 22 15
453 23 10
453 356 15
453 430 5
453 449 30
453 450 215
453 453 125
453 454 10
454 9 5
454 10 35
454 13 195
454 16 400
454 21 5
454 42 100
454 73 10
454 77 10
454 80 10
454 91 10
454 143 30
454 276 10
454 277 20
454 356 15
454 430 15
454 438 10
454 449 700
454 450 75
454 451 40
454 453 20
454 454 240
454 528 10
454 551 10
454 570 10
454 624 10
454 768 10
454 769 5
455 7 15
455 8 85
455 9 35
455 16 25
455 456 60
455 457 25
455 458 5
456 16 20
457 16 20
458 16 45
458 57 25
458 91 5
458 121 25
458 124 50
458 457 135
458 458 5
458 492 10
459 7 30
459 8 150
459 9 85
459 16 30
459 71 5
459 128 10
459 129 5
459 460 100
459 461 15
459 462 15
459 463 15
459 464 10
459 465 10
460 16 20
461 9 5
461 16 25
461 57 10
461 461 30
461 462 20
461 464 125
461 516 5
461 586 20
461 589 50
461 593 25
461 594 10
461 595 5
462 16 20
463 16 20
464 16 20
465 9 5
465 16 315
465 42 10
465 57 10
465 84 5
465 91 10
465 128 125
465 129 105
465 143 15
465 175 20
465 276 10
465 277 20
465 463 340
465 465 135
465 495 60
465 496 35
465 570 10
465 754 20
465 755 20
465 758 30
466 7 25
466 8 320
466 9 230
466 16 70
466 32 90
466 37 30
466 45 25
466 53 10
466 78 10
466 80 15
466 179 30
466 181 35
466 200 5
466 435 20
466 436 25
466 438 20
466 439 5
466 467 475
467 16 20
468 7 20
468 8 175
468 9 115
468 16 20
468 82 5
468 87 5
468 123 5
468 175 5
468 469 50
468 470 10
469 16 20
470 16 20
471 7 25
471 8 330
471 9 255
471 16 85
471 45 25
471 53 10
471 73 5
471 78 10
471 80 15
471 117 40
471 118 60
471 120 100
471 125 60
471 175 10
471 435 20
471 436 30
471 438 20
471 439 5
471 472 605
472 16 20
473 7 20
473 8 200
473 9 155
473 14 5
473 16 45
473 31 145
473 35 85
473 39 10
473 104 5
473 112 10
473 433 5
473 474 265
474 16 20
475 7 20
475 8 240
475 9 155
475 16 10
475 71 5
475 73 10
475 195 10
475 199 5
475 476 5
476 16 20
477 7 20
477 8 170
477 9 125
477 478 10
479 7 20
479 8 410
479 9 365
479 16 15
479 175 5
479 480 25
479 481 5
479 482 5
480 16 20
481 16 20
482 9 15
482 16 320
482 28 5
482 44 5
482 45 45
482 49 5
482 53 25
482 57 15
482 78 15
482 80 5
482 91 25
482 104 10
482 202 5
482 304 10
482 481 720
482 482 300
482 633 5
482 634 20
482 635 35
482 656 25
482 733 5
482 779 5
482 780 35
482 781 65
482 798 5
482 811 5
482 908 20
482 909 20
482 910 15
482 911 15
482 912 5
482 913 5
482 914 5
482 915 5
482 916 5
483 8 40
483 9 5
483 41 5
483 484 15
483 485 10
483 486 10
484 9 15
484 16 55
484 57 10
484 165 15
484 166 5
484 484 45
484 485 90
484 486 15
485 16 20
486 16 25
486 163 5
486 167 5
486 485 5
486 743 40
487 8 25
488 7 65
488 8 35
488 14 5
488 15 15
488 202 5
488 489 40
488 490 5
489 9 160
489 15 15
489 16 220
489 22 5
489 23 15
489 39 45
489 41 235
489 49 40
489 50 10
489 57 10
489 71 5
489 73 40
489 78 30
489 80 80
489 81 5
489 82 5
489 84 15
489 85 15
489 86 15
489 87 5
489 88 10
489 91 190
489 104 10
489 132 5
489 134 45
489 143 55
489 145 10
489 150 20
489 151 5
489 195 5
489 198 10
489 200 15
489 202 30
489 203 5
489 223 50
489 257 5
489 278 10
489 416 10
489 435 40
489 436 15
489 438 20
489 439 15
489 489 670
489 490 5
489 509 5
489 510 20
489 539 5
489 607 5
489 608 15
489 620 20
489 621 10
489 628 5
489 629 10
489 681 5
489 682 10
489 695 15
489 714 5
489 761 10
489 831 10
489 850 5
489 918 5
489 966 10
489 967 5
489 969 20
489 970 10
489 971 10
491 7 10
491 8 30
491 16 5
491 140 5
491 141 5
491 492 5
492 16 20
493 7 15
493 8 30
493 16 15
493 32 10
493 37 15
493 124 10
493 140 15
493 141 5
493 179 20
494 7 40
494 8 65
494 9 10
494 14 5
494 16 25
494 39 10
494 50 10
494 71 10
494 73 10
494 81 5
494 117 145
494 120 75
494 121 75
494 123 5
494 124 55
494 125 5
494 140 45
494 141 20
494 462 5
494 494 50
494 495 35
494 496 5
495 16 20
496 9 65
496 16 105
496 57 15
496 81 25
496 82 5
496 84 5
496 87 10
496 91 5
496 121 5
496 462 5
496 495 360
496 496 85
497 7 40
497 8 40
497 9 5
497 15 10
497 16 35
497 128 40
497 129 55
497 462 5
497 463 10
497 465 15
497 497 5
497 498 10
498 9 15
498 16 15
498 57 10
498 128 5
498 498 5
498 758 50
499 7 10
499 8 55
499 9 15
499 15 5
499 16 15
499 128 5
499 129 10
499 465 5
499 495 25
499 498 5
500 7 30
500 8 115
500 9 45
500 223 15
501 7 10
501 8 40
501 14 35
501 16 30
501 32 30
501 37 20
501 136 100
501 179 15
501 181 35
501 501 10
501 502 20
501 503 10
502 16 20
503 9 5
503 16 20
503 137 5
503 502 50
503 503 5
504 7 15
504 8 30
504 16 20
504 32 20
504 37 10
504 121 30
504 124 15
504 140 5
504 141 5
504 143 10
504 181 20
505 7 60
505 8 80
505 9 5
505 11 5
505 16 50
505 32 40
505 37 20
505 39 5
505 50 5
505 78 20
505 80 20
505 117 40
505 120 70
505 124 60
505 125 10
505 140 40
505 141 25
505 143 5
505 145 5
505 179 65
505 181 45
505 438 5
505 505 30
505 506 5
506 16 5
506 28 5
506 506 15
506 767 100
507 7 40
507 8 125
507 9 25
507 13 10
507 16 40
507 22 5
507 32 5
507 37 10
507 77 5
507 91 10
507 143 5
507 210 10
507 223 20
507 321 5
507 449 25
507 450 70
507 451 25
507 453 30
507 454 5
507 507 15
507 508 25
507 509 5
507 510 5
507 511 5
508 16 20
509 9 5
509 16 10
509 39 5
509 57 10
509 509 15
509 510 55
510 16 20
511 16 15
511 57 10
511 720 45
512 7 5
512 8 35
512 16 15
512 32 15
512 37 5
512 91 5
512 513 15
513 16 20
514 7 60
514 8 100
514 9 45
514 11 5
514 14 15
514 16 15
514 37 10
514 39 5
514 44 20
514 45 20
514 46 25
514 51 5
514 52 5
514 53 5
514 122 5
514 288 25
514 289 15
514 291 10
514 292 10
515 7 60
515 8 85
515 9 25
515 14 10
515 16 65
515 30 5
515 31 55
515 32 15
515 33 20
515 34 10
515 35 30
515 37 5
515 38 10
515 56 10
515 515 30
516 175 20
517 7 10
517 8 50
517 518 10
517 519 10
517 520 10
518 16 55
518 518 15
518 520 5
518 670 10
518 809 10
518 810 75
519 9 30
519 16 270
519 39 5
519 57 10
519 98 15
519 101 20
519 232 10
519 519 60
519 665 45
519 666 35
519 667 30
519 668 210
519 669 20
519 670 15
519 671 15
519 672 15
519 673 10
519 674 10
520 9 5
520 16 45
520 518 10
520 520 5
520 670 5
520 809 60
521 8 35
521 14 5
521 16 5
521 522 20
522 9 5
522 16 35
522 57 15
522 91 5
522 179 10
522 181 5
522 522 5
522 765 100
523 7 10
523 8 35
523 16 10
523 524 25
523 525 20
524 525 20
525 16 20
526 8 35
526 14 10
526 15 5
526 16 10
526 45 5
526 80 5
526 443 5
527 7 10
527 8 35
527 14 15
527 15 5
527 16 10
527 443 5
527 528 5
528 16 20
529 8 35
529 14 10
529 15 5
529 16 10
529 443 5
529 481 5
530 1 20
530 3 20
530 4 20
530 95 20
531 7 10
531 8 30
531 16 5
531 39 20
531 104 5
531 532 45
532 16 15
532 63 150
532 532 15
532 601 290
532 602 25
533 534 20
534 16 20
535 536 20
536 16 20
537 538 20
538 16 20
539 9 10
539 16 50
539 50 5
539 57 10
539 91 5
539 539 5
539 540 60
539 541 20
539 542 5
540 16 20
542 16 15
542 540 5
542 543 30
542 544 20
543 16 20
545 19 20
546 9 5
546 16 10
546 57 10
546 546 20
546 547 50
546 548 5
546 549 5
547 16 20
548 16 20
549 9 15
549 16 100
549 57 25
549 88 30
549 91 25
549 547 15
549 548 140
549 549 40
549 729 25
549 730 45
550 16 20
550 22 5
550 551 25
551 16 20
552 9 5
552 16 20
552 57 10
552 552 15
552 553 70
553 16 20
554 9 5
554 16 30
554 554 15
554 555 50
554 556 25
554 557 15
554 558 10
555 16 20
556 9 5
556 16 10
556 379 5
556 555 10
556 556 20
556 558 40
557 680 20
558 16 20
559 9 10
559 16 20
559 559 15
559 560 55
559 561 25
559 562 5
559 563 5
560 16 20
561 16 5
561 561 10
561 568 20
562 16 5
562 202 5
562 562 5
562 569 85
563 16 20
564 9 20
564 16 30
564 57 10
564 541 20
564 559 5
564 564 5
564 565 40
564 566 5
565 16 20
566 16 15
566 544 20
566 565 5
566 567 30
567 16 20
568 16 20
569 16 20
571 16 40
571 46 10
571 47 40
571 574 120
572 16 20
573 9 5
573 39 5
573 57 10
573 572 50
573 573 10
574 16 20
575 11 40
575 28 5
575 575 170
575 576 30
575 577 10
576 16 20
577 16 5
577 576 65
577 648 5
578 8 35
578 14 5
578 16 15
578 579 5
579 9 30
579 16 65
579 57 10
579 121 10
579 124 10
579 179 5
579 181 20
579 511 5
579 579 20
579 581 5
579 753 5
579 756 150
580 8 35
580 14 5
580 16 15
580 581 5
581 9 40
581 16 200
581 39 5
581 57 10
581 117 165
581 118 40
581 121 15
581 124 80
581 179 15
581 181 65
581 511 5
581 581 85
581 753 515
582 16 20
583 9 15
583 16 85
583 57 10
583 583 5
583 584 95
583 585 30
583 586 25
583 587 20
583 588 5
584 16 20
585 585 5
585 586 90
586 16 20
587 16 20
588 587 25
589 9 20
589 16 35
589 163 15
589 462 190
589 583 5
589 589 5
589 590 15
589 591 15
589 592 15
590 16 20
591 16 20
592 16 20
593 16 20
594 16 5
594 968 65
595 16 10
595 787 5
595 788 65
596 9 5
596 16 5
596 596 5
596 597 25
597 16 20
598 9 5
598 16 25
598 57 20
598 357 5
598 358 5
598 435 5
598 438 15
598 598 10
598 599 35
598 600 15
599 16 20
602 16 20
603 16 20
604 9 5
604 16 75
604 57 20
604 71 5
604 72 65
604 73 10
604 91 10
604 604 10
605 606 20
606 16 20
607 9 10
607 16 25
607 57 10
607 607 15
607 608 35
608 16 20
609 9 20
609 16 35
609 71 5
609 73 5
609 609 10
609 934 40
609 935 5
609 936 5
610 9 10
610 16 15
610 45 5
610 57 30
610 80 15
610 202 40
610 435 20
610 438 10
610 598 15
610 599 5
610 600 15
610 610 20
610 615 165
611 9 5
611 16 30
611 39 15
611 57 10
611 416 5
611 611 5
611 612 20
612 16 20
613 9 5
613 28 5
613 57 10
613 614 20
614 16 20
615 16 20
616 9 10
616 57 10
616 616 10
616 617 20
617 16 20
618 619 20
619 16 20
620 16 40
620 39 5
620 50 5
620 91 5
620 357 5
620 620 15
620 621 30
620 622 10
621 16 20
622 11 30
622 16 40
622 42 5
622 49 5
622 57 15
622 91 5
622 104 5
622 621 5
622 622 10
622 838 45
623 16 20
623 22 5
623 624 35
624 16 20
625 9 15
625 16 220
625 28 10
625 31 45
625 33 20
625 34 10
625 35 25
625 38 5
625 42 5
625 57 15
625 91 30
625 276 10
625 277 20
625 570 10
625 625 145
625 626 75
625 627 275
625 628 20
625 629 10
625 630 5
626 16 20
627 16 20
628 9 5
628 16 20
628 57 10
628 628 10
628 629 30
629 16 20
630 16 135
630 32 20
630 37 15
630 39 5
630 57 5
630 112 5
630 120 15
630 125 5
630 143 10
630 169 5
630 433 15
630 625 30
630 626 435
630 627 30
630 628 15
630 629 10
630 630 80
631 632 30
632 16 20
633 16 35
633 57 5
633 72 10
633 91 10
633 481 10
633 604 5
633 634 80
633 635 10
634 16 20
635 16 20
636 16 15
636 57 10
636 223 5
636 636 5
636 637 40
637 16 20
638 9 10
638 16 15
638 45 5
638 57 10
638 58 20
638 126 5
638 202 5
638 301 5
638 382 30
638 420 5
638 638 15
638 639 65
638 640 10
639 16 20
640 16 20
640 639 10
640 641 100
641 16 20
642 16 5
642 642 5
642 643 25
643 16 20
644 9 10
644 16 5
644 39 10
644 57 10
644 104 5
644 416 5
644 644 25
644 645 65
645 16 20
646 16 20
649 16 10
649 649 25
649 650 210
649 651 5
650 16 20
651 851 20
652 185 55
653 16 20
654 16 15
654 191 5
654 655 25
655 16 20
656 889 20
657 9 5
657 16 15
657 57 10
657 191 60
657 658 75
658 16 20
659 16 15
659 191 5
659 660 25
660 16 20
661 9 5
661 16 95
661 45 10
661 53 10
661 57 10
661 104 5
661 416 5
661 442 15
661 443 15
661 481 20
661 482 5
661 661 45
661 662 80
661 663 30
661 664 5
662 16 20
663 16 20
664 16 20
665 16 20
666 16 20
667 16 20
668 16 20
669 16 20
670 9 15
670 16 45
670 41 10
670 57 15
670 91 5
670 670 55
670 740 60
670 741 15
670 742 5
671 16 20
672 16 65
672 410 20
672 666 60
672 672 5
672 995 20
673 16 20
674 9 5
674 16 45
674 57 10
674 519 15
674 665 55
674 668 15
674 670 10
674 674 30
675 16 20
676 16 20
677 16 20
678 9 10
678 16 45
678 57 10
678 73 15
678 223 30
678 224 5
678 225 5
678 226 10
678 678 15
678 679 160
679 16 20
680 16 20
681 682 20
682 16 20
683 16 20
684 9 5
684 16 15
684 57 10
684 232 15
684 667 30
684 669 10
684 684 20
685 686 30
686 16 20
687 144 20
688 9 5
688 16 40
688 165 5
688 166 10
688 202 5
688 236 5
688 689 85
689 16 20
690 16 25
690 236 5
690 691 45
690 692 5
691 16 20
693 39 10
693 57 10
693 104 10
693 693 5
694 16 20
695 16 20
696 16 10
696 151 5
696 694 90
697 16 20
698 697 20
699 16 25
699 22 10
699 57 10
699 91 10
699 271 20
699 699 5
699 701 325
700 16 20
701 16 20
702 259 20
703 57 10
703 202 20
703 703 30
703 704 35
703 705 5
703 706 5
704 16 10
704 202 10
704 705 5
704 706 5
705 706 20
706 16 20
707 16 20
708 298 20
709 9 10
709 16 75
709 45 15
709 57 10
709 80 5
709 286 90
709 290 5
709 293 5
709 294 15
709 297 5
709 436 20
709 709 5
710 7 5
710 8 50
710 16 10
710 41 5
710 711 5
710 712 5
710 713 5
711 9 5
711 16 50
711 57 10
711 360 5
711 362 60
711 666 5
711 672 15
711 711 5
711 712 15
711 713 15
711 793 15
711 795 150
711 796 10
712 16 20
713 9 15
713 16 40
713 57 10
713 201 15
713 391 5
713 666 10
713 672 15
713 711 5
713 712 10
713 713 30
713 793 55
713 794 10
714 715 20
715 16 20
716 7 45
716 8 35
716 9 30
716 15 5
716 16 20
716 35 5
716 37 5
716 78 15
716 91 15
716 104 5
716 716 45
717 1 20
717 95 20
718 16 20
718 71 20
718 719 40
719 16 20
720 16 20
721 722 20
722 16 20
723 16 5
723 724 25
724 16 20
725 16 5
725 726 20
725 727 5
726 16 20
727 16 15
727 726 5
727 728 35
728 16 20
729 9 20
729 16 85
729 28 5
729 39 5
729 57 15
729 88 15
729 91 15
729 134 15
729 548 15
729 549 10
729 649 10
729 729 90
729 730 195
729 731 5
730 16 20
731 16 5
731 732 25
732 16 20
733 16 5
733 635 20
733 733 5
734 16 5
734 734 5
734 735 60
735 16 20
736 9 10
736 16 10
736 39 15
736 53 15
736 57 10
736 104 15
736 194 15
736 197 5
736 416 5
736 736 15
736 737 10
738 16 20
739 16 20
740 16 20
741 16 20
742 741 20
743 16 20
744 16 10
744 57 5
744 91 5
744 744 5
744 745 35
745 16 20
746 16 10
746 533 5
746 534 15
746 747 80
747 16 20
748 9 5
748 16 25
748 88 5
748 746 5
748 747 5
748 748 5
748 749 40
749 16 20
750 16 20
751 9 5
751 16 260
751 32 15
751 37 20
751 57 15
751 91 20
751 121 40
751 124 120
751 128 5
751 129 5
751 140 55
751 141 25
751 143 20
751 179 15
751 181 5
751 276 10
751 277 20
751 457 90
751 458 40
751 463 15
751 465 15
751 492 245
751 570 10
751 656 5
751 751 110
752 9 15
752 16 30
752 57 10
752 124 10
752 750 70
752 752 5
753 16 20
754 16 20
755 16 10
755 754 85
756 16 20
757 9 5
757 16 15
757 57 10
757 661 20
757 662 10
757 664 35
757 757 10
758 16 20
759 16 20
760 9 10
760 16 40
760 57 10
760 132 25
760 179 5
760 181 25
760 759 115
760 760 30
761 16 20
762 9 5
762 16 50
762 32 5
762 37 25
762 57 10
762 170 5
762 513 105
762 762 15
762 766 10
763 16 20
764 9 5
764 16 15
764 57 10
764 181 5
764 763 50
764 764 10
765 16 20
766 16 20
767 16 20
768 16 20
769 955 20
770 771 20
771 16 20
772 773 20
773 16 20
774 9 25
774 16 105
774 47 20
774 48 10
774 49 5
774 50 5
774 57 10
774 91 15
774 541 20
774 571 5
774 574 10
774 664 5
774 757 10
774 772 10
774 773 40
774 774 45
774 775 75
774 776 50
774 777 5
776 16 20
777 16 10
777 544 20
777 776 5
777 778 35
778 16 20
779 9 10
779 16 5
779 57 10
779 779 15
779 780 10
779 781 115
780 16 20
781 16 20
782 9 5
782 16 5
782 39 5
782 57 10
782 202 5
782 782 15
782 783 30
782 784 20
783 16 20
785 16 15
785 783 5
785 786 40
786 16 20
787 9 15
787 16 15
787 57 10
787 516 5
787 593 40
787 787 10
787 788 5
788 16 20
789 16 15
789 304 5
789 790 55
790 16 20
791 9 20
791 16 10
791 88 5
791 104 5
791 166 5
791 292 25
791 732 50
791 791 15
791 792 110
792 16 20
793 16 20
794 9 5
794 16 35
794 57 10
794 711 15
794 712 65
794 793 5
794 794 15
794 795 5
795 16 20
797 798 20
798 16 20
799 9 10
799 16 320
799 42 10
799 50 5
799 57 5
799 82 10
799 91 10
799 143 25
799 175 20
799 276 10
799 277 20
799 495 55
799 496 20
799 570 10
799 754 20
799 755 20
799 799 135
799 800 45
799 801 325
799 802 35
799 803 185
799 804 15
799 805 10
799 806 10
800 16 20
801 16 20
802 16 65
802 39 15
802 57 15
802 71 5
802 73 5
802 91 15
802 462 5
802 589 10
802 799 15
802 801 5
802 802 15
802 803 145
803 16 20
804 9 15
804 16 15
804 57 10
804 800 50
804 803 5
804 804 5
805 9 5
805 16 230
805 42 5
805 87 10
805 91 35
805 128 20
805 129 10
805 276 10
805 277 20
805 463 50
805 465 5
805 570 10
805 799 5
805 801 5
805 803 30
805 805 50
805 806 180
805 807 60
805 808 30
806 16 20
807 16 20
808 16 35
808 802 20
808 803 25
808 806 5
808 807 120
809 16 20
810 16 20
811 812 20
812 16 20
813 16 20
814 9 10
814 16 45
814 41 5
814 57 10
814 117 20
814 118 5
814 132 25
814 813 115
814 814 35
815 16 25
815 140 5
815 815 5
815 816 40
815 817 10
815 818 5
816 16 20
817 16 15
817 124 10
817 816 5
817 819 40
818 16 20
819 16 20
820 16 20
821 57 10
821 821 5
822 16 20
823 57 10
823 822 135
823 823 5
825 16 20
826 9 10
826 16 155
826 31 140
826 32 10
826 34 20
826 35 95
826 36 110
826 57 10
826 91 5
826 104 20
826 610 10
826 615 10
826 687 5
826 825 385
826 826 45
826 829 55
826 833 10
826 834 35
826 837 30
828 9 5
828 16 100
828 31 35
828 32 10
828 35 10
828 37 20
828 39 25
828 57 20
828 91 10
828 143 5
828 145 5
828 170 10
828 820 135
828 828 40
829 16 20
830 35 10
830 57 20
830 823 10
830 830 15
832 16 15
832 829 5
832 832 5
832 833 40
832 834 5
833 16 20
834 9 10
834 16 20
834 829 55
834 837 5
835 16 20
836 16 25
836 133 20
836 766 60
836 836 5
837 9 10
837 16 45
837 36 180
837 37 15
837 39 10
837 57 10
837 829 5
837 837 20
838 16 20
839 16 20
840 841 20
841 16 20
842 843 20
843 16 20
844 16 65
844 57 10
844 78 20
844 91 10
844 844 5
844 845 35
845 16 20
846 847 20
847 16 20
848 9 5
848 16 20
848 846 5
848 848 10
848 849 25
849 16 20
850 9 10
850 16 25
850 57 10
850 144 5
850 198 15
850 200 65
850 203 5
850 850 15
851 16 20
852 16 20
853 854 20
854 16 20
855 856 20
856 16 20
857 16 20
858 16 20
859 9 5
859 16 5
859 39 5
859 57 10
859 122 5
859 859 20
859 860 105
860 16 20
861 9 10
861 16 15
861 57 10
861 73 5
861 676 100
861 861 10
862 9 5
862 16 60
862 57 10
862 71 20
862 73 15
862 862 10
862 863 65
863 16 20
864 9 5
864 16 5
864 57 10
864 225 5
864 675 55
864 864 10
865 16 5
865 39 5
865 866 40
866 16 20
867 16 20
871 9 5
871 16 70
871 528 5
871 873 115
871 878 10
871 879 15
871 880 40
872 16 20
873 16 20
874 9 5
874 16 140
874 39 5
874 131 40
874 169 5
874 213 20
874 405 5
874 528 10
874 871 5
874 872 315
874 873 5
874 874 55
874 877 20
874 878 5
874 879 5
875 16 20
876 9 5
876 16 90
876 71 5
876 87 5
876 213 15
876 496 5
876 528 5
876 754 5
876 755 5
876 876 5
876 877 165
877 16 20
878 16 20
879 16 20
879 873 5
879 878 80
879 881 40
880 16 20
881 16 20
882 9 20
882 16 20
882 292 20
882 875 40
882 882 5
882 883 5
883 9 5
883 16 15
883 880 35
883 884 5
884 881 30
885 16 80
885 32 10
885 37 5
885 57 25
885 91 25
885 120 10
885 125 5
885 451 10
885 528 10
885 885 10
885 886 210
885 887 20
885 888 5
886 16 20
887 16 20
888 16 25
888 886 10
888 887 30
889 16 20
890 9 10
890 16 50
890 890 10
890 891 55
890 892 15
890 893 10
890 894 10
890 895 5
891 16 20
892 16 15
892 891 5
892 892 20
892 893 15
892 894 40
893 16 20
894 16 20
895 9 5
895 57 10
895 893 20
895 895 10
896 897 25
897 16 20
898 899 40
899 16 20
900 901 40
901 16 20
902 16 20
903 16 10
903 348 5
903 903 5
903 904 90
904 16 20
905 16 20
906 907 20
907 16 20
908 16 20
908 45 5
908 481 40
908 656 5
908 911 80
909 9 30
909 16 15
909 39 5
909 57 10
909 292 20
909 482 5
909 780 135
909 909 35
909 924 20
909 925 10
910 16 35
910 45 5
910 91 10
910 481 5
910 910 125
910 917 35
911 16 20
912 16 20
913 16 5
913 913 5
913 914 20
914 16 20
915 16 5
915 912 20
915 915 5
916 976 20
917 16 20
918 9 15
918 16 65
918 50 5
918 57 10
918 91 5
918 541 20
918 918 5
918 919 80
918 920 5
918 921 5
919 16 20
920 16 15
920 544 20
920 919 5
920 922 35
921 923 20
922 16 20
923 16 20
924 16 20
925 9 10
925 16 35
925 57 10
925 91 5
925 779 5
925 781 15
925 924 45
925 925 20
926 9 5
926 16 70
926 42 5
926 45 5
926 53 5
926 91 10
926 117 5
926 118 5
926 200 10
926 276 10
926 277 20
926 570 10
926 850 5
926 926 95
926 927 50
926 928 220
926 929 10
927 16 20
928 16 20
929 16 95
929 39 20
929 41 5
929 131 75
929 169 10
929 637 5
929 926 15
929 927 180
929 928 15
929 929 45
930 16 30
930 71 20
930 857 50
930 930 5
930 931 15
931 16 10
931 71 5
931 858 20
932 16 5
932 57 5
932 91 5
932 933 45
933 16 20
934 16 20
935 16 20
936 935 20
937 9 10
937 16 40
937 28 15
937 937 10
937 938 185
937 939 5
937 940 5
938 16 20
939 9 5
939 16 85
939 28 15
939 45 10
939 46 10
939 78 10
939 80 5
939 288 5
939 937 30
939 938 25
939 939 20
939 941 25
939 943 10
939 944 10
939 945 30
939 946 225
939 947 15
939 948 5
940 9 5
940 16 55
940 28 15
940 73 20
940 938 5
940 940 10
940 941 130
940 942 10
941 16 20
942 9 5
942 16 55
942 859 15
942 860 5
942 941 5
942 942 5
942 943 65
942 944 10
943 16 20
944 16 35
944 942 15
944 943 5
944 944 25
944 949 5
944 950 65
945 9 5
945 16 90
945 28 15
945 940 15
945 941 5
945 943 5
945 944 10
945 945 10
945 946 5
945 949 145
946 16 20
947 16 20
948 9 5
948 16 20
948 151 5
948 947 25
948 948 5
948 953 10
948 954 5
949 16 20
950 16 20
951 9 5
951 16 15
951 948 5
951 952 25
952 16 20
953 16 20
954 953 20
955 16 20
956 16 10
956 104 25
956 321 5
956 416 5
956 956 75
956 957 385
957 16 20
958 9 20
958 16 170
958 49 5
958 53 20
958 56 70
958 57 10
958 168 15
958 201 30
958 541 20
958 582 10
958 811 30
958 812 30
958 840 10
958 841 10
958 843 20
958 853 35
958 854 45
958 958 50
958 959 60
958 960 110
958 961 10
958 962 5
958 963 5
959 16 15
959 855 20
959 856 10
959 959 5
959 965 35
960 16 20
961 16 20
962 961 20
963 16 15
963 544 20
963 960 5
963 964 35
964 16 20
965 16 20
966 967 20
967 16 20
968 16 20
969 16 15
969 39 10
969 41 10
969 57 10
969 202 5
969 356 5
969 430 10
969 969 5
972 818 20
973 9 5
973 15 10
973 16 20
973 255 5
973 973 5
973 974 35
974 16 20
975 16 5
975 663 20
975 975 5
976 16 20
977 9 25
977 16 95
977 39 10
977 46 30
977 50 30
977 57 15
977 81 5
977 91 5
977 104 5
977 122 5
977 304 215
977 789 10
977 790 15
977 831 5
977 977 55
978 311 20
979 980 20
980 16 20
981 16 5
981 981 10
981 982 45
981 983 25
982 16 20
983 57 10
983 983 20
984 9 5
984 39 5
984 57 10
984 199 25
984 984 5
985 16 10
985 28 10
985 986 40
986 16 20
987 16 15
987 720 10
987 986 5
987 988 35
988 16 20
989 16 30
989 32 45
989 181 30
989 759 15
989 986 10
989 990 140
990 16 20
991 992 20
992 16 20
993 994 20
994 16 20
995 16 20
996 997 20
997 16 20
998 999 20
999 16 20
1000 1001 20
1001 16 20
1002 1003 20
1003 16 20
1004 1005 20
1005 16 20
1006 1007 20
1007 16 20
1008 1009 20
1009 16 20
1011 16 20
1012 16 20
1013 399 20
1014 16 20
1015 563 20
1016 16 5
1016 1016 5
1016 1017 20
1017 16 20
1018 1019 20
1019 16 20
1020 1021 20
1021 16 20
1022 9 10
1022 16 30
1022 57 10
1022 73 5
1022 200 5
1022 203 5
1022 850 10
1022 1022 15
1022 1023 25
1023 16 20
1024 9 5
1024 57 10
1024 1024 5
1024 1025 20
1025 16 20
1026 9 5
1026 16 350
1026 41 40
1026 44 10
1026 45 100
1026 49 20
1026 50 5
1026 53 20
1026 56 40
1026 57 15
1026 77 5
1026 79 70
1026 80 5
1026 85 10
1026 91 10
1026 134 30
1026 146 5
1026 166 5
1026 168 20
1026 175 5
1026 201 10
1026 202 20
1026 277 165
1026 379 5
1026 582 5
1026 656 5
1026 811 10
1026 812 15
1026 840 10
1026 841 10
1026 843 20
1026 853 5
1026 854 10
1026 870 5
1026 970 10
1026 1026 405
1026 1027 95
1026 1028 80
1026 1029 75
1026 1030 65
1026 1031 400
1026 1032 45
1026 1033 35
1026 1034 30
1026 1035 30
1026 1036 20
1026 1037 130
1027 16 140
1027 57 45
1027 91 45
1027 104 10
1027 163 10
1027 167 15
1027 282 5
1027 284 25
1027 1027 60
1027 1029 5
1027 1037 340
1027 1042 20
1027 1043 15
1028 16 20
1029 9 5
1029 16 15
1029 57 10
1029 855 15
1029 856 15
1029 1029 20
1029 1045 45
1031 16 20
1032 16 35
1032 57 5
1032 88 5
1032 91 5
1032 1032 10
1032 1036 135
1033 16 20
1034 9 5
1034 16 105
1034 28 5
1034 39 5
1034 56 15
1034 166 5
1034 277 10
1034 282 35
1034 284 15
1034 1026 35
1034 1030 115
1034 1031 20
1034 1032 5
1034 1033 150
1034 1034 125
1034 1037 5
1034 1042 5
1034 1044 5
1035 9 5
1035 16 20
1035 57 10
1035 1026 5
1035 1027 10
1035 1028 80
1035 1031 35
1035 1035 10
1035 1037 5
1036 16 20
1037 16 20
1038 16 5
1038 1038 5
1038 1039 20
1039 16 20
1040 16 10
1040 1040 20
1040 1041 45
1041 16 20
1042 9 5
1042 16 35
1042 1037 10
1042 1040 20
1042 1042 25
1042 1044 95
1044 16 20
1045 16 20
1046 9 5
1046 16 10
1046 57 10
1046 519 5
1046 668 10
1046 713 5
1046 1046 15
1046 1047 55
1047 16 20
1048 1049 20
1049 16 20
1050 16 10
1050 1051 20
1051 16 20
1052 16 15
1052 282 5
1052 1053 35
1053 16 20
1054 9 15
1054 16 35
1054 57 10
1054 541 20
1054 1054 5
1054 1055 35
1054 1056 5
1055 16 20
1056 16 15
1056 544 20
1056 1055 5
1056 1057 35
1057 16 20
1058 7 10
1058 8 20
1059 57 10
1059 1059 45
1060 243 20
1060 532 25
1060 1059 5
1060 1060 20
1060 1061 25
1060 1062 5
1063 532 10
1063 601 20
1063 602 10
1063 1060 35
1064 1 20
1064 2 20
1064 3 20
1064 4 20
1064 5 20
1064 359 20
1065 7 40
1065 8 45
1065 9 15
1065 14 15
1065 16 5
1065 120 10
1065 125 25
1065 1065 5
1066 7 10
1066 8 30
1066 16 5
1066 120 10
1066 125 5
1067 7 35
1067 8 65
1067 9 10
1067 16 25
1067 78 5
1067 117 70
1067 118 30
1067 120 160
1067 125 55
1067 1067 10
1068 7 15
1068 8 50
1068 16 10
1068 32 15
1068 37 10
1068 118 5
1068 120 10
1068 125 10
1068 179 5
1069 7 35
1069 8 495
1069 9 140
1069 14 5
1069 91 130
1069 1069 20
1070 7 15
1070 8 40
1070 16 10
1070 141 5
1070 816 5
1070 972 5
1072 7 5
1072 8 55
1072 16 5
1072 31 15
1072 35 25
1072 91 15
1072 821 10
1073 7 5
1073 8 40
1073 14 5
1073 16 5
1073 133 5
1074 7 10
1074 8 35
1074 14 5
1074 16 35
1074 32 5
1074 36 35
1074 825 20
1074 826 25
1074 829 10
1074 834 5
1074 837 5
1074 1074 5
1075 7 50
1075 8 40
1075 9 25
1075 16 20
1075 829 30
1075 834 5
1075 837 10
1076 7 5
1076 8 35
1076 14 10
1076 16 5
1076 279 5
1076 839 55
1076 971 20
1077 7 10
1077 8 40
1077 10 5
1077 14 5
1077 16 5
1077 42 5
1077 971 20
1078 830 25
1079 31 45
1079 35 10
1079 321 10
1079 822 55
1079 830 125
1079 1079 15
1080 31 115
1080 35 10
1080 821 5
1080 822 50
1080 830 85
1080 1080 5
1081 321 10
1081 830 20
1081 1081 15
1082 7 10
1082 8 105
1082 9 45
1082 14 10
1082 16 30
1082 192 15
1082 198 15
1082 203 5
1082 204 5
1082 257 5
1082 697 75
1082 867 15
1082 1082 20
1083 7 15
1083 8 30
1083 15 10
1083 16 5
1084 16 10
1084 22 10
1084 41 10
1084 57 10
1084 71 20
1084 119 5
1084 223 10
1084 1084 5
1085 7 25
1085 8 20
1085 14 15
1085 73 5
1085 1011 10
1086 7 5
1086 8 35
1086 16 10
1086 213 5
1086 528 15
1086 872 5
1087 7 5
1087 8 30
1087 16 10
1087 39 5
1087 117 10
1087 118 35
1087 120 5
1087 125 5
1087 213 5
1087 528 30
1087 872 40
1088 7 20
1088 8 90
1088 16 35
1088 39 5
1088 78 5
1088 117 10
1088 118 30
1088 120 35
1088 125 25
1088 146 5
1088 192 20
1088 213 10
1088 872 55
1088 874 10
1088 1088 10
1089 7 55
1089 8 75
1089 16 25
1089 124 55
1089 140 55
1089 141 10
1089 213 30
1089 323 10
1089 325 60
1089 326 10
1089 496 5
1089 528 30
1089 872 60
1089 874 40
1089 876 60
1089 877 140
1089 1089 30
1090 7 5
1090 8 45
1090 16 15
1090 131 30
1090 213 15
1090 528 10
1090 872 30
1090 874 5
1091 7 5
1091 8 35
1091 16 15
1091 117 20
1091 118 55
1091 120 20
1091 125 5
1091 871 5
1091 873 60
1091 878 35
1092 7 10
1092 8 45
1092 16 5
1092 213 15
1092 528 25
1092 875 10
1092 880 5
1092 882 10
1093 91 10
1093 168 10
1093 368 30
1094 7 5
1094 8 35
1094 885 15
1095 7 5
1095 8 30
1095 9 30
1095 16 5
1095 311 20
1095 535 5
1095 536 70
1096 7 25
1096 8 300
1096 9 105
1096 14 10
1096 15 10
1096 16 85
1096 49 5
1096 50 5
1096 73 10
1096 78 5
1096 81 25
1096 84 60
1096 91 15
1096 117 5
1096 118 15
1096 120 35
1096 125 20
1096 143 10
1096 495 15
1096 799 10
1096 801 15
1096 802 10
1096 803 30
1096 926 10
1096 927 10
1096 928 30
1096 929 15
1096 1096 25
1096 1097 135
1096 1098 5
1097 16 20
1099 7 10
1099 8 90
1099 9 20
1099 16 25
1099 39 20
1099 41 10
1099 56 85
1099 57 10
1099 158 5
1099 831 30
1099 896 20
1099 897 75
1099 898 10
1099 899 20
1099 900 20
1099 901 15
1099 978 20
1099 1099 55
1099 1100 15
1099 1101 10
1099 1102 5
1099 1103 5
1099 1104 5
1105 7 5
1105 8 45
1105 9 25
1105 56 95
1105 311 15
1105 978 20
1105 1105 40
1106 7 10
1106 8 40
1106 16 5
1106 354 10
1107 7 10
1107 8 40
1107 16 10
1107 353 10
1108 7 30
1108 8 55
1108 9 5
1108 15 10
1108 16 25
1108 32 10
1108 37 30
1108 78 5
1108 179 15
1108 181 10
1108 481 20
1108 482 5
1108 780 5
1108 1108 20
1109 7 10
1109 8 30
1109 14 5
1109 16 10
1109 481 10
1109 482 15
1110 7 75
1110 8 45
1110 9 5
1110 14 30
1110 16 20
1110 202 5
1110 481 35
1110 482 20
1110 779 10
1110 781 10
1111 7 60
1111 8 80
1111 9 5
1111 14 15
1111 15 20
1111 16 35
1111 71 5
1111 73 5
1111 78 15
1111 80 5
1111 91 5
1111 117 15
1111 118 45
1111 120 25
1111 125 25
1111 192 20
1111 637 10
1111 926 5
1111 927 100
1111 928 15
1111 929 10
1111 1111 50
1112 57 10
1112 378 10
1112 1093 10
1112 1112 15
1112 1113 5
1112 1114 5
1112 1115 5
1113 1093 20
1114 126 10
1114 168 10
1114 1093 15
1114 1114 5
1114 1116 20
1114 1117 10
1115 1116 45
1116 57 10
1116 1093 20
1116 1116 25
1116 1127 35
1118 7 5
1118 8 35
1118 16 15
1118 937 5
1118 938 5
1118 946 5
1119 7 10
1119 8 45
1119 16 20
1119 937 10
1119 940 5
1119 941 60
1119 942 5
1119 943 50
1120 7 10
1120 8 45
1120 16 5
1120 937 5
1120 938 5
1120 939 10
1120 946 10
1120 947 10
1120 951 5
1121 7 10
1121 8 80
1121 16 55
1121 78 10
1121 117 15
1121 118 35
1121 120 55
1121 125 40
1121 937 10
1121 938 20
1121 941 10
1121 943 30
1121 944 40
1121 945 10
1121 946 45
1121 949 15
1122 7 10
1122 8 55
1122 16 25
1122 78 5
1122 117 5
1122 118 20
1122 120 30
1122 125 20
1122 937 5
1122 938 45
1122 941 10
1122 943 20
1123 7 5
1123 8 35
1123 16 5
1123 939 5
1124 7 5
1124 8 35
1124 939 10
1125 7 5
1125 8 35
1125 16 75
1125 937 20
1125 942 5
1125 943 15
1125 944 20
1125 946 80
1125 949 15
1125 950 30
1125 1125 10
1126 1126 5
1127 57 10
1127 516 5
1127 1093 50
1127 1127 5
1128 7 15
1128 8 50
1128 9 5
1128 88 15
1128 134 5
1128 1128 10
1129 7 10
1129 8 50
1129 14 15
1129 15 10
1129 16 30
1129 39 10
1129 45 5
1129 53 5
1129 175 10
1129 1015 5
1130 8 40
1130 958 10
1131 11 50
1131 28 80
1131 39 10
1131 57 10
1131 88 10
1131 91 60
1131 104 5
1131 119 5
1131 575 215
1131 577 5
1131 859 5
1131 1131 45
1132 1 20
1132 5 20
1133 57 10
1133 104 10
1133 1133 105
1134 7 25
1134 8 80
1134 9 10
1134 16 20
1134 44 30
1134 45 25
1134 46 30
1134 49 25
1134 51 10
1134 52 5
1134 53 25
1134 91 10
1134 304 5
1134 664 10
1134 757 15
1134 977 5
1134 1134 10
1135 8 35
1135 14 10
1135 16 5
1135 45 5
1135 380 15
1135 401 10
1136 7 10
1136 8 25
1136 57 10
1136 104 5
1136 202 5
1136 416 5
1136 1136 10
1137 7 5
1137 8 45
1137 14 10
1137 16 15
1137 251 25
1137 253 5
1137 255 5
1137 973 5
1138 7 5
1138 8 55
1138 14 15
1138 16 20
1138 251 25
1138 252 10
1138 253 5
1138 254 5
1138 255 5
1138 973 5
1139 1 20
1139 3 20
1139 4 20
1139 5 20
1140 7 10
1140 8 115
1140 9 10
1140 16 25
1140 39 5
1140 87 10
1140 495 120
1140 496 40
1140 656 5
1140 799 10
1140 801 20
1140 802 10
1140 803 30
1140 1140 10
1141 333 20
1142 1142 30
1143 8 35
1143 9 25
1143 1143 215
1144 7 10
1144 8 45
1144 14 20
1144 16 15
1144 721 5
1144 979 10
1144 980 10
1145 8 55
1145 9 5
1145 15 5
1145 16 10
1145 163 10
1145 167 5
1145 721 10
1145 722 5
1145 979 10
1145 980 15
1146 7 15
1146 8 65
1146 9 5
1146 15 10
1146 16 20
1146 41 5
1146 163 305
1146 165 35
1146 166 10
1146 167 5
1146 533 5
1146 534 25
1146 1146 15
1146 1147 10
1148 7 20
1148 8 50
1148 14 20
1148 15 5
1148 16 10
1148 163 5
1148 165 25
1148 166 10
1148 167 5
1148 1147 10
1149 9 25
1149 16 15
1149 39 5
1149 57 45
1149 91 30
1149 104 20
1149 132 10
1149 321 10
1149 435 50
1149 438 10
1149 761 140
1149 992 15
1149 1149 45
1150 7 10
1150 8 55
1150 9 15
1150 15 5
1150 16 15
1150 32 5
1150 37 5
1150 511 5
1150 985 15
1150 986 10
1150 987 5
1150 988 5
1150 989 5
1150 990 5
1150 1150 5
1151 796 20
1152 7 5
1152 8 35
1152 16 5
1152 98 5
1152 99 5
1153 7 10
1153 8 35
1153 9 5
1153 165 15
1153 166 10
1153 1153 5
1154 1 20
1154 5 20
1155 7 20
1155 8 25
1155 14 5
1155 1155 15
1156 7 5
1156 8 35
1156 9 5
1156 14 5
1156 16 5
1156 50 5
1156 163 10
1156 165 5
1156 166 5
1156 1156 5
1157 9 10
1157 11 5
1157 57 10
1157 202 5
1157 243 20
1157 302 25
1157 321 5
1158 7 35
1158 8 35
1158 14 5
1158 16 5
1158 39 5
1158 104 5
1158 122 5
1158 165 5
1158 202 5
1158 1159 40
1159 16 5
1159 39 10
1159 57 10
1159 91 5
1159 104 5
1159 202 15
1159 274 25
1159 275 30
1159 299 30
1159 398 5
1159 416 5
1159 524 10
1159 525 5
1159 1157 20
1159 1159 25
1160 7 5
1160 8 50
1160 9 10
1160 16 5
1160 408 5
1160 410 15
1160 995 50
1160 996 5
1160 998 5
1160 1000 5
1160 1002 5
1160 1004 5
1160 1006 5
1160 1008 5
1160 1160 5
1161 7 85
1161 8 120
1161 9 55
1161 10 15
1161 11 10
1161 16 5
1161 23 15
1161 42 5
1161 348 35
1161 356 20
1161 357 5
1161 358 5
1161 1161 15
1165 7 40
1165 8 50
1165 9 25
1165 45 15
1165 53 25
1165 167 5
1165 173 5
1165 202 30
1166 8 30
1166 16 5
1166 71 5
1166 77 10
1166 85 15
1166 224 5
1167 7 10
1167 8 30
1167 9 35
1167 41 5
1167 55 20
1167 104 5
1167 165 25
1167 166 5
1168 7 15
1168 8 30
1168 14 15
1168 165 10
1169 7 10
1169 8 35
1169 9 35
1169 15 15
1169 16 40
1169 41 5
1169 104 10
1169 165 5
1169 166 5
1169 1018 5
1169 1019 25
1169 1020 5
1169 1021 45
1169 1146 5
1169 1169 25
1170 9 5
1171 7 50
1171 8 185
1171 9 10
1171 16 80
1171 39 20
1171 45 10
1171 53 25
1171 56 45
1171 71 20
1171 73 30
1171 78 15
1171 80 20
1171 104 5
1171 117 5
1171 118 15
1171 120 20
1171 122 35
1171 125 20
1171 143 15
1171 145 5
1171 195 10
1171 198 10
1171 202 10
1171 203 10
1171 321 10
1171 398 10
1171 416 5
1171 435 15
1171 436 5
1171 438 5
1171 439 5
1171 840 5
1171 841 5
1171 850 20
1171 1015 5
1171 1171 20
1172 0 35
1172 39 5
1172 49 5
1172 50 10
1172 57 10
1172 68 35
1172 94 5
1172 176 10
1172 207 5
1172 311 5
1172 321 20
1172 382 80
1172 383 1060
1172 384 825
1172 387 360
1172 392 60
1172 416 5
1172 420 5
1172 425 15
1172 1132 5
1172 1172 25
1173 9 130
1173 16 10
1173 35 5
1173 37 15
1173 39 95
1173 48 5
1173 57 10
1173 78 10
1173 125 10
1173 141 5
1173 183 5
1173 326 15
1173 380 80
1173 482 10
1173 554 10
1173 757 10
1173 811 10
1173 890 15
1173 909 10
1173 937 10
1173 938 15
1173 939 10
1173 1026 10
1173 1173 375
1173 1174 70
1174 9 15
1174 16 45
1174 39 25
1174 45 185
1174 53 75
1174 57 10
1174 78 45
1174 80 160
1174 435 70
1174 436 45
1174 438 50
1174 439 30
1174 610 5
1174 615 10
1174 656 5
1174 1174 195
1174 1176 15
1175 16 20
1175 39 10
1175 57 10
1175 380 5
1175 401 20
1175 598 5
1175 599 10
1175 615 35
1175 1173 35
1175 1174 235
1175 1175 115
1175 1176 160
1176 0 10
1176 16 5
1176 46 5
1176 52 5
1176 57 10
1176 68 40
1176 91 20
1176 94 5
1176 96 25
1176 175 10
1176 196 30
1176 207 20
1176 304 5
1176 336 30
1176 382 10
1176 383 20
1176 384 15
1176 385 35
1176 420 5
1176 422 15
1176 790 30
1176 1064 15
1176 1132 15
1176 1139 5
1176 1172 15
1176 1174 125
1176 1176 130
1176 1179 5
1177 7 15
1177 8 80
1177 14 5
1177 16 40
1177 39 10
1177 101 35
1177 232 5
1177 400 10
1177 410 5
1177 666 5
1177 668 10
1177 669 25
1177 672 15
1177 711 10
1177 1000 5
1177 1001 10
1177 1005 10
1177 1177 10
1178 11 30
1178 16 10
1178 39 235
1178 49 10
1178 50 10
1178 57 10
1178 91 5
1178 104 5
1178 126 30
1178 304 75
1178 977 25
1178 1178 50
1180 7 20
1180 8 40
1180 16 5
1180 45 15
1180 1026 25
1180 1031 25
1181 7 20
1181 8 40
1181 16 5
1181 45 15
1181 1033 25
1181 1034 25
1182 7 10
1182 8 45
1182 14 20
1182 16 20
1182 721 5
1182 979 5
1182 1048 10
1183 7 15
1183 8 40
1183 9 20
1183 15 25
1184 8 30
1184 14 5
1184 16 5
1184 91 5
1184 282 5
1185 16 20
1186 16 20
1187 8 35
1187 14 5
1187 16 5
1187 622 15
