1188 10643 1
1 35 278 15 25 10 88 5 111 5 521 5
887 45 717 70 442 270 1138 35 243 100 221 35 316 95 551 60 572 65 812 60 43 55 972 30 187 110 279 60 989 35 1134 35 629 35 773 20 1141 20 259 85 285 95 99 95 769 70 265 45 437 45 377 90 811 20 956 30 623 40 472 40 449 40 1079 45 223 40 196 25 141 125 866 35 327 30 362 20 585 30 792 40 220 35 381 90 197 140 710 45 1066 35 65 65 123 130 168 60 394 50 806 25 434 25 211 65 494 95 877 45 874 70 617 175 234 125 503 220 371 155 665 260 319 80 468 120 903 30 506 365 1020 85 878 150 149 320 552 175 165 330 132 200 6 240 898 170 622 410 705 40 1018 25 800 35 635 30 4 30 72 65 322 40 1022 55 845 115 307 40 309 30 203 80 22 125 683 35 183 100 2 85 910 50 962 35 118 35 775 35 722 35 559 35 692 30 1067 35 662 35 779 50 140 35 837 20 455 45 781 30 267 65 890 50 588 495 760 40 281 55 441 40 481 35 492 40 255 35 961 40 402 105 1013 30 831 20 0 35 241 30 504 90 306 75 271 45 618 35 76 45 1046 35 741 30 373 300 313 90 499 45 721 40 664 40 432 55 980 30 796 45 95 80 784 35 385 45 694 45 510 80 608 55 782 35 540 35 493 35 91 50 82 50 475 40 290 80 611 35 87 25 253 45 315 55 282 115 110 20 1040 35 396 45 541 55 676 65 359 50 343 55 304 35 328 35 190 25 1090 35 711 35 204 50 145 120 433 50 407 30 112 30 501 30 421 35 18 185 391 80 464 40 641 40 239 45 467 40 1006 30 575 35
1 85 25 65 88 60 593 55 37 30 2 30 61 25 485 20 161 15 83 10 63 10 33 10 938 10 3 5 613 5
243 10 572 15 187 5 989 5 127 15 14 5 769 20 956 10 123 5 211 30 149 30 4 15 307 20 309 10 203 20 22 10 683 5 183 10 2 5 485 5 938 20 115 5 639 15 126 15 140 5 143 5 135 20 25 935 401 85 44 80 188 75 440 70 128 60 61 55 15 50 3 400 921 40 50 300 101 30 52 30 11 30 415 30 876 25 19 25 268 20 439 20 778 20 60 20 486 20 85 20 181 185 161 1585 5 100 278 15 258 15 90 15 117 15 144 15 485 15 938 10 639 10 269 10 130 10 291 10 177 10 33 10 38 10 36 10 568 10 260 10 193 10 257 10 979 10 189 5 195 5 369 5 669 5 111 5 640 5 170 5 69 5 194 5 233 5 436 5 613 5 283 5 311 5 5 20 170 25 36 25 37 20 378 20 60 10 100 15 888 5 890 10 432 30 343 5 602 15
1 30 5 20 88 15 25 15 3 15 401 15 11 10 161 10 143 5
769 20 211 25 149 30 4 20 307 15 203 65 143 5 135 15 85 30 3 100 50 920 505 90 320 65 296 50 311 50 85 50 25 485 5 435 209 45 166 40 101 30 822 30 830 30 15 25 78 20 61 20 3 20 97 20 242 195 161 145 11 140 268 135 368 130 51 15 52 15 19 15 439 10 143 10 731 5 1025 5 79 5 568 5 229 5 42 5 458 5 26 5 284 5 439 5 68 10 194 5 369 15 36 45 890 5 432 15
1 240 88 20 61 155 19 10 395 10 25 10 97 5 7 5 631 5
377 5 6 5 97 5 1140 25 25 20
728 45 25 25 9 5 1061 5
327 5 585 25 524 60 410 5 8 5 25 20
101 65 268 60 311 45 40 375 209 20 25 20 529 105 181 100 159 15 52 10 85 10 182 10 856 5 422 5 233 5 73 5 19 5 11 5 36 5 560 5
10 5 232 15 4 10 72 55 309 15 203 60 248 30 143 360 135 120 85 530 400 50 688 10 3 30 5 140 194 10 369 80 36 55 311 15 777 10 306 55 25 20
878 10 322 15 1022 5 135 15 13 60 336 340 25 315 139 35 871 30 444 20 616 20 778 20 252 20 12 135 131 125 225 105 128 15 15 10 193 10 269 10 130 10 52 10 182 5 61 5 225 15 129 5
72 35 1022 25 143 25 12 60 225 35 251 55 36 10 311 10 97 30 139 360 373 15 282 120 25 20
529 55 40 45 101 25 593 15 52 10 507 5 37 5 128 5 15 5 161 5 3 5
187 25 331 5 232 5 14 5 234 5 40 30 152 5 660 5 22 10 683 5 299 5 485 15 172 25 115 5 652 10 260 20 44 5 270 5 337 30 297 10 96 5 266 5 86 5 142 10 45 5 655 10 140 15 595 5 360 15 66 5 821 5 143 30 135 20 85 20 400 5 12 10 225 15 3 50 210 5 5 25 445 10 231 10 68 5 366 15 581 25 251 10 129 35 92 15 36 35 311 125 37 50 378 10 60 20 340 5 586 10 349 5 97 10 73 5 888 25 26 25 89 10 814 5 192 10 855 5 70 190 399 5 139 5 80 5 516 10 209 10 20 10 55 45 824 5 94 10 627 5 588 130 281 15 245 10 373 15 95 5 208 60 290 10 383 30 446 5 404 5 476 20 1006 5
152 20 217 20 17 20 103 20 30 20
477 20 277 20 370 20 29 20 1114 20 489 20 102 20 834 20 852 20 216 20 564 20 651 20 263 20 697 20 298 20 766 20 844 20 312 20 517 20 16 20 262 20
25 80 88 50 63 45 233 35 19 30 69 25 18 20 228 20 101 20 97 20 188 20 181 20 36 20 1 185 166 15 128 15 44 15 311 15 886 10 349 10 61 10 573 10 90 10 144 10 597 10 395 10 406 5 79 5 507 5 486 5 284 5 422 5 447 5 465 5 539 5 268 5
812 125 10 5 377 85 141 5 197 15 165 5 6 10 72 10 248 40 652 10 260 15 142 165 325 10 526 15 143 20 85 25 225 10 3 25 5 15 445 10 92 5 36 50 311 15 97 395 658 15 666 5 73 20 356 5 567 20 70 40 209 20 358 5 831 5 373 10 95 5 18 30 25 20
55 95 746 80 569 75 945 70 681 65 20 405 583 400 824 45 63 40 372 40 25 350 985 35 275 30 425 30 458 30 788 20 69 20 1149 20 291 20 561 20 144 20 778 165 538 130 90 100 918 15 52 15 21 10 457 10 1074 10 15 10 156 10 424 10 969 10 465 10 406 10 1027 5 582 5 1025 5 408 5 61 5 189 5 642 5 693 5 81 5 188 5 252 5 283 5 425 5 275 35 602 10 464 25
1027 20 62 45 20 10 25 20
122 70 88 40 25 40 580 30 61 25 54 25 1143 25 23 25 64 20 1 125 22 15 15 10 231 10 537 10 3 10 445 5 128 5 158 5 57 5 161 5 597 5 699 5 647 5 408 5
506 75 22 25 445 700 231 190 580 30 25 20
859 40 25 20
717 25 442 10 1138 15 243 50 221 5 316 25 551 10 572 35 812 30 43 55 972 10 187 20 279 5 1134 5 629 5 10 20 331 5 232 5 1076 5 285 20 99 25 769 40 265 35 437 10 377 70 1079 5 223 15 196 5 141 55 327 5 585 20 792 10 84 15 220 5 381 40 197 55 710 5 1066 10 65 10 523 55 123 80 168 75 434 5 211 40 494 50 617 15 234 5 40 10 392 20 660 20 503 30 371 15 665 50 319 35 468 15 903 5 506 60 1020 25 878 30 149 70 552 20 165 85 132 45 6 10 622 15 635 5 4 15 72 25 322 35 1022 15 307 30 309 20 203 50 22 40 683 15 183 15 2 65 962 5 118 10 775 10 722 10 559 10 692 5 299 50 300 15 679 10 1080 20 634 20 47 30 758 10 690 20 295 30 1069 15 789 5 497 5 485 220 938 100 248 90 120 40 1067 15 662 15 214 85 93 35 104 25 964 5 374 25 237 20 172 200 115 50 750 15 652 75 260 140 44 185 614 30 284 40 71 15 162 25 270 40 1167 20 337 220 669 20 639 135 297 35 247 15 353 15 771 20 571 5 418 5 820 10 736 15 1096 10 815 50 96 70 266 55 86 35 929 15 292 10 853 15 1086 15 289 95 136 270 49 45 142 165 325 80 526 45 525 25 45 195 346 15 524 35 410 40 8 25 184 50 185 10 536 60 655 25 382 20 474 15 302 5 198 5 850 10 177 50 495 30 230 50 342 75 126 130 779 10 140 20 1101 20 647 15 595 20 719 5 835 5 872 15 57 10 360 85 590 5 151 5 904 5 909 10 545 20 1095 15 859 30 66 45 578 25 821 10 303 10 114 25 143 820 135 260 85 215 400 45 688 30 454 15 12 315 225 110 870 15 3 935 308 20 210 35 5 485 170 50 668 5 439 40 445 400 231 235 580 90 68 35 822 15 366 105 620 10 78 220 656 5 448 15 513 15 512 10 419 15 156 30 194 65 369 200 581 100 41 10 287 40 338 35 288 50 251 320 129 230 92 65 206 35 533 15 487 45 201 55 36 955 311 515 310 45 594 25 777 15 37 735 378 100 163 15 60 95 756 25 380 20 340 155 100 45 269 55 256 25 586 65 509 20 228 25 349 50 97 260 658 60 570 10 648 5 666 15 695 35 224 5 73 30 395 15 242 5 111 185 138 90 272 140 173 70 74 20 254 20 1000 15 888 80 1042 25 335 50 944 15 644 10 388 10 531 15 558 15 930 10 26 320 89 35 427 5 814 65 677 15 520 15 27 20 192 70 34 95 543 5 460 30 562 5 776 10 855 5 356 35 609 40 567 55 386 55 219 85 462 90 249 35 684 15 685 20 363 10 62 170 674 15 31 15 478 5 70 220 971 20 535 15 416 20 829 5 167 5 399 35 139 105 80 95 108 55 734 5 51 40 661 10 450 15 518 30 58 45 516 90 626 130 616 10 98 5 209 60 438 40 763 5 358 30 59 65 20 350 1131 5 425 20 1030 10 55 140 276 35 569 15 275 105 824 35 794 10 680 10 94 275 981 15 992 35 397 15 627 40 186 15 455 5 781 5 267 25 890 10 760 10 281 5 441 5 481 35 492 20 255 5 961 5 222 20 402 30 1013 5 673 10 0 10 241 10 504 35 306 25 271 15 618 15 76 5 741 5 373 85 313 25 721 5 664 10 432 25 980 10 796 20 95 35 784 15 385 20 694 5 510 55 608 25 782 5 493 75 82 30 290 20 611 5 672 15 253 15 315 20 282 25 396 15 541 10 676 20 359 10 383 15 343 15 304 5 1090 5 711 5 446 5 204 5 145 5 407 5 421 40 18 80 602 10 389 20 391 40 404 10 246 45 476 5 464 5 641 5 239 20 1006 5 121 20 868 20 892 20 770 20 1037 20 810 20 600 20 767 20 1021 20 1084 20 498 20 693 20 712 20 81 20 879 20 1010 20 286 20 1028 20 848 20 334 20 1070 20 951 20 9 20 557 20 728 20 799 20 875 20 842 20 720 20 836 20 786 20 546 20 860 20 24 20 579 20 1060 20 847 20 119 20 823 20 959 20 621 20 554 20 409 20 803 20 918 20 408 20 945 20 465 20 788 20 330 20 744 20 701 20 787 20 21 20 32 20 511 20 1180 20 354 20 950 20 348 20 1120 20 458 20 901 20 364 20 805 20 106 20 1029 20 1092 20 199 20 905 20 1130 20 632 20 109 20 706 20 735 20 704 20 1053 20 916 20 107 20 953 20 1048 20 727 20 840 20 563 20 90 20 691 20 426 20 783 20 924 20 749 20 1041 20 1125 20 604 20 583 20 968 20 746 20 1123 20 538 20 318 20 917 20 985 20 1149 20 157 20 702 20 983 20 752 20 398 20 846 20 200 20 64 20 443 20 696 20 1052 20 1049 20 613 20 33 20 795 20 238 20 927 20 116 20 459 20 636 20 390 20 670 20 1102 20 549 20 188 20 486 20 601 20 762 20 550 20 640 20 857 20 979 20 35 20 1035 20 863 20 532 20 1051 20 321 20 584 20 937 20 332 20 817 20 128 20 415 20 949 20 1099 20 169 20 53 20 703 20 897 20 317 20 161 20 876 20 440 20 50 20 257 20 743 20 921 20 368 20 505 20 320 20 166 20 181 20 268 20 466 20 593 20 725 20 566 20 965 20 1177 20 757 20 164 20 1116 20 732 20 452 20 301 20 77 20 768 20 1082 20 974 20 278 20 932 20 521 20 174 20 975 20 841 20 793 20 825 20 574 20 925 20 982 20 598 20 675 20 785 20 663 20 657 20 250 20 966 20 519 20 75 20 568 20 7 20 451 20 1014 20 344 20 384 20 134 20 456 20 537 20 751 20 628 20 491 20 997 20 828 20 365 20 772 20 891 20 995 20 274 20 947 20 713 20 137 20 46 20 880 20 339 20 671 20 202 20 430 20 592 20 873 20 514 20 650 20 740 20 484 20 729 20 699 20 1087 20 1104 20 23 20 54 20 122 20 1009 20 637 20 926 20 1113 20 747 20 1054 20 1056 20 1012 20 804 20 553 20 908 20 133 20 631 20 1033 20 739 20 67 20 765 20 347 20 1019 20 865 20 105 20 858 20 333 20 124 20 1016 20 261 20 977 20 258 20 754 20 1002 20 797 20 1023 20 471 20 527 20 1004 20 813 20 1091 20 1150 20 1152 20 1032 20 488 20 802 20 791 20 401 20 179 20 11 20 405 20 612 20 336 20 131 20 871 20 431 20 429 20 807 20 906 20 990 20 195 20 607 20 180 20 273 20 207 20 534 20 649 20 994 20 229 20 886 20 19 20 653 20 226 20 1055 20 1059 20 403 20 1068 20 483 20 1133 20 1124 20 707 20 414 20 889 20 996 20 1163 20 479 20 1065 20 528 20 13 20 444 20 182 20 148 20 1153 20 954 20 591 20 1064 20 798 20 645 20 638 20 730 20 345 20 453 20 986 20 473 20 1003 20 745 20 417 20 428 20 1043 20 599 20 1129 20 1024 20 296 20 654 20 678 20 1159 20 733 20 667 20 885 20 544 20 830 20 28 20 774 20 698 20 615 20 387 20 1038 20 461 20 176 20 508 20 1083 20 633 20 482 20 759 20 988 20 700 20 1143 20 913 20 998 20 987 20 48 20 1097 20 420 20 218 20 575 5
622 5 289 5 5 5 78 30 296 720 774 65 90 45 25 320 26 300 667 35 599 35 69 25 283 25 15 25 27 20 1002 20 520 20 89 15 885 15 61 15 52 15 44 15 422 10 218 10 428 5 188 5 543 5 291 5 350 5 544 5 167 5 1074 5 427 5 156 5 151 5 144 5 803 5 297 5 1047 5 520 5 432 5 980 15 796 20 602 10
26 20 885 80 296 40 25 20 283 5 90 5
1047 20 25 20
217 20 30 20 17 20 103 20 1137 20 476 25
477 20 277 20 370 20 29 20 1114 20 489 20 102 20 834 20 852 20 216 20 564 20 651 20 263 20 697 20 298 20 766 20 844 20 312 20 517 20 16 20 262 20
62 60 106 35 178 20 25 15 32 10 31 5
178 20 31 10 569 15 25 20
243 15 2 10 485 105 938 210 337 10 3 10 37 15 340 20 25 20
192 10 25 95 242 75 34 45 101 20 889 180 414 15 192 15 117 10 35 5 372 5 373 15 95 10
247 40 210 5 311 5 34 5 95 10 25 20
10 5 232 5 472 10 223 30 381 50 197 50 494 45 165 60 72 5 203 10 639 5 143 15 3 10 25 955 128 95 188 90 85 75 61 65 36 590 161 55 11 55 44 50 19 50 143 50 278 50 101 50 5 45 466 40 268 380 486 35 15 35 415 30 117 30 52 30 3 25 310 20 778 20 856 20 181 1720 311 125 401 100 507 15 258 15 177 10 97 10 144 10 229 10 38 10 130 10 731 10 13 10 356 10 193 10 568 10 260 10 50 10 139 10 182 10 227 5 436 5 283 5 81 5 458 5 457 5 111 5 269 5 69 5 233 5 90 5 284 5 73 5 42 5 105 5 311 30 37 20 888 5 455 25 781 5 267 55 890 10 241 5 504 25 618 5 373 20 95 25 510 40 608 20 18 20 602 10
243 15 572 80 187 5 989 5 14 5 132 85 2 30 485 5 938 15 172 10 115 5 337 25 126 15 140 5 37 930 25 735 44 55 15 50 938 50 725 50 188 50 236 50 61 45 128 45 101 40 965 40 485 35 613 30 415 30 1007 30 332 25 71 25 161 25 507 20 778 20 291 20 3 20 36 20 110 20 593 1995 390 190 731 15 33 15 63 15 52 15 193 10 144 10 177 10 269 10 130 10 610 10 181 10 1116 5 340 5 955 5 422 5 1025 5 597 5 378 5 189 5 117 5 164 5 502 5 283 5 38 5 1144 5 378 10 340 95 281 25 502 10 724 10 861 10 602 5
332 20 3 10 36 10 37 5 340 5
529 50 40 20 101 20 52 10 189 5 61 5
1031 25 867 30 894 40 529 15 714 50 10 375 625 40 331 380 606 85 973 10 232 910 127 215 14 45 854 30 1076 10 1105 10 1122 70 643 20 423 15 1005 10 39 20 1017 50 422 40 101 40 40 315 15 30 392 280 596 25 1063 25 222 20 780 20 159 125 530 110 52 10 1078 10 25 10 630 10 597 5 125 5 42 5 1058 5 899 5 458 5 152 120 660 15
591 50 530 25 61 20 645 110 41 15 25 10 42 5 422 5 582 5
43 5 331 5 232 5 159 20 40 5 392 50 660 25 360 15 114 5 5 5 581 30 41 5 36 5 311 10 458 20 70 10 824 5 91 15 208 10
1 55 25 55 88 20 408 20 44 15 945 15 188 15 83 10 856 5 323 5 901 5 182 5 457 5 993 5 431 5 42 5
43 15 972 10 187 20 232 15 769 5 377 5 381 10 197 30 123 10 211 5 494 5 665 10 319 5 149 10 165 10 203 20 485 25 248 5 144 75 637 50 188 415 486 25 162 25 101 20 25 185 44 130 670 100 61 100 52 15 356 10 284 10 90 10 69 5 447 5 15 5 71 5 158 5 230 5 140 15 143 35 3 80 78 20 156 15 36 50 37 55 586 20 26 15 219 10 70 30 267 5 504 5 373 5 432 5 95 15 510 10 608 5 18 15 602 10 246 45
866 10 136 10 45 45 46 35 873 25 514 25 58 20 25 195 713 100 52 15 61 15 59 15 137 15 346 10 15 5 592 5 346 15 58 5 391 5
136 10 45 35 25 20
998 50 25 30 820 25 522 15 47 15 48 10 61 5 602 10
47 10 820 40 25 20
136 10 274 55 25 45 49 30 136 15 995 15 52 10 66 10 61 5
769 5 211 35 149 35 307 35 309 20 203 45 143 25 135 5 85 45 3 300 5 920 439 25 68 5 822 5 194 20 369 65 36 10 518 30 432 10 25 20
331 10 606 10 210 10 5 15 439 25 310 25 70 5 25 40 51 25 568 160 61 15 52 10 350 5 383 10
941 10 827 10 1031 10 867 10 894 10 529 10 714 10 10 10 625 10 331 15 606 15 232 15 127 10 14 10 854 10 1122 10 643 10 423 10 39 10 1182 20 646 10 84 10 65 10 523 10 808 10 191 10 874 10 159 10 40 10 392 30 152 10 605 10 660 10 764 10 171 10 687 10 978 10 299 10 679 10 634 10 295 10 485 10 248 10 324 10 214 10 104 10 374 20 237 15 115 5 351 10 652 20 260 30 44 15 614 10 284 10 355 10 71 30 162 10 361 10 337 15 669 10 639 5 297 5 247 10 353 10 418 10 96 5 266 5 86 5 292 10 853 10 289 10 136 10 49 10 142 25 325 10 526 10 45 15 346 10 524 10 1118 10 536 10 655 10 302 10 931 10 177 10 495 10 342 10 647 10 595 15 57 10 360 15 909 10 66 15 821 5 143 15 135 15 85 25 400 25 688 10 454 10 12 10 225 30 870 10 3 30 210 5 5 15 170 10 439 10 68 15 822 10 366 10 656 10 513 10 194 10 369 10 581 25 287 10 338 10 288 10 251 5 92 15 533 10 36 30 311 70 310 10 37 15 378 20 1007 10 60 10 236 10 340 10 100 10 269 10 586 10 228 10 349 5 97 20 658 10 570 10 648 10 666 10 695 10 73 15 587 10 395 10 242 10 888 25 920 10 150 10 26 15 814 10 520 10 855 5 62 10 70 10 167 10 399 10 139 15 80 15 108 10 51 10 1140 10 58 10 98 10 209 30 358 10 843 10 20 15 425 10 55 45 569 10 824 5 794 10 94 10 992 10 627 15 186 10 939 10 502 20 673 10 313 10 619 10 556 10 470 10 208 10 838 10 87 10 849 10 383 45 463 10 446 10 146 10 602 10 389 10 404 10 246 10 476 10
123 55 168 10 230 20 342 90 126 15 25 20
506 30 22 25 445 40 231 435 888 10 25 20
20 95 425 10 55 60 52 45 15 45 538 340 94 25 276 20 25 140 1172 15 56 15 286 10 422 10 569 5 702 5 94 65
259 15 285 50 99 30 286 20 578 5 55 15 541 5 676 5 359 5 433 5
22 5 699 55 57 15 52 10 25 10 101 5 61 5 70 5
1134 5 629 5 136 15 45 20 58 50 25 45 827 20 592 120 61 15 59 15 52 10 514 5 45 5 101 5 304 5
136 15 45 15 287 15 288 15 58 15 25 65 514 60 603 20 704 20 59 5 391 15
331 5 3 20 25 95 60 45 161 40 15 20 1177 130 257 15 757 10 52 10 756 10 170 10 3 10 61 5 756 20 441 5
887 10 442 125 1138 5 243 20 221 5 316 10 812 15 187 5 279 20 331 5 232 10 39 5 259 30 99 25 265 5 141 30 84 5 197 20 65 10 523 5 168 20 211 5 494 5 877 5 874 10 617 30 659 25 234 35 159 5 392 100 152 5 687 5 503 140 371 110 665 125 319 20 468 75 506 280 1020 35 878 85 149 230 552 115 165 255 132 155 6 155 898 125 622 365 705 5 72 10 322 5 1022 15 845 45 203 5 22 25 183 45 2 25 299 10 679 5 634 5 47 5 690 10 295 20 485 20 938 10 248 20 324 5 214 15 93 20 104 5 964 5 374 5 172 5 115 10 351 5 652 5 260 15 44 100 614 5 284 5 355 5 71 10 162 10 361 10 337 15 669 5 353 10 418 10 820 5 815 5 96 5 86 5 292 5 853 5 289 5 136 30 49 5 142 55 325 10 526 10 525 5 45 15 346 5 524 10 410 5 184 10 536 10 382 5 474 5 302 5 177 5 495 5 230 5 342 10 126 5 140 30 595 5 57 5 360 20 909 10 1095 5 66 15 114 5 143 20 135 5 85 10 688 15 454 5 12 5 225 5 870 15 3 55 308 5 210 5 5 20 170 5 439 10 445 5 231 5 580 5 68 5 822 5 366 25 656 5 513 15 156 5 194 30 369 40 581 15 41 20 287 15 338 5 288 5 251 10 129 5 533 15 487 5 36 65 311 20 310 10 37 45 378 5 60 5 380 10 340 10 100 10 269 5 509 5 228 10 349 5 97 20 658 5 570 15 648 5 666 10 695 5 73 15 587 5 395 5 242 10 111 20 138 5 272 5 173 5 254 20 1000 5 335 10 920 5 388 5 531 5 558 5 26 15 814 15 520 30 192 5 356 20 609 10 567 5 386 5 219 5 462 5 684 5 685 5 62 20 70 160 971 5 535 5 167 10 399 10 139 65 80 25 108 15 51 15 1140 5 58 15 516 10 626 5 98 5 209 10 358 10 843 5 20 5 425 5 276 5 569 5 275 5 794 5 94 5 992 15 455 15 267 10 588 140 492 25 402 45 741 30 373 105 313 20 499 25 432 5 796 5 95 5 91 5 290 10 282 10 1040 25 541 5 676 5 383 25 343 15 328 5 1090 5 463 10 204 10 145 55 433 25 112 35 421 35 1156 5 18 10 602 130 246 15 467 20
63 70 31 60 62 50 21 45 1027 35 918 30 424 30 1074 30 69 20 496 20 788 20 61 20 25 170 805 110 561 15 1092 10 693 10 465 10 406 10 52 10 291 5 1062 5 674 5 475 10
941 10 523 15 617 10 234 10 2 10 37 15 62 70 20 40 275 15 94 30 313 85 499 95 18 45
141 40 874 5 845 15 22 20 413 20 247 5 142 130 325 5 526 30 269 25 97 5 70 50 673 10 25 20
1 65 61 10 52 10 256 10 65 10 25 10 507 5 70 10
136 15 49 10 67 60 66 55 25 45 52 15 61 15 765 15 372 10 15 5 790 5 487 5 201 10
66 60 25 20
962 20 25 35 368 100 52 15 5 10 50 5 15 5 68 5 61 5
316 10 232 5 123 5 660 20 665 20 319 10 149 10 165 10 183 5 44 5 289 10 909 15 3 5 78 35 156 15 36 5 26 25 192 5 62 20 90 20 20 20 82 5 290 25 433 25 18 25 246 75
800 40 143 5 188 80 70 670 128 55 64 50 101 45 458 45 166 40 19 40 291 40 44 30 144 30 372 235 25 220 79 20 270 20 226 20 699 20 186 20 15 190 61 160 182 15 413 15 486 15 670 15 993 15 1091 15 229 15 280 15 284 15 457 15 422 10 969 10 762 10 568 10 52 10 65 10 1144 10 857 10 937 10 447 10 349 10 1075 10 42 10 81 10 507 10 1026 10 896 5 814 5 51 5 162 5 199 5 886 5 936 5 57 5 323 5 856 5 158 5 97 5 395 5 669 5 801 5 228 5 299 5 570 5 184 5 431 5
44 5 144 40 52 30 71 20 166 20 390 165 1117 15 188 15 374 15 25 15 79 10 61 10 90 5 795 5 37 25 340 10 246 5
181 75 85 75 1 65 11 55 72 50 401 45 88 40 13 35 25 25 143 20 268 145 97 10 81 10 101 10 61 10 19 10 83 5 36 5 105 5 856 5 139 5 73 5
10 5 552 5 72 5 85 10 36 5 25 30 1124 30 19 20 61 15 52 15 73 5 323 5 15 5
272 5 173 15 975 80 75 40 25 20 174 5
74 40 1001 30 25 20
1 45 278 25 111 15 254 10 88 10 841 10 25 5 77 5
173 40 1000 35 76 5 25 20
319 15 775 5 722 5 559 5 289 15 5 20 90 80 188 75 278 70 296 70 320 675 69 35 166 30 26 30 25 220 111 25 486 25 44 20 167 20 78 120 667 15 774 10 79 5 447 5 284 5 422 5
665 20 149 20 165 20 203 5 374 15 284 15 71 10 5 5 445 10 78 5 166 20 70 20 383 10 18 5 246 50
25 95 80 55 589 30 81 30 218 215 61 25 52 15 420 15 101 10 419 10 15 5 856 5 233 5 422 5 1144 5 290 5 404 25
316 20 123 5 394 15 72 10 203 5 299 5 270 5 291 20 325 35 143 10 366 5 251 5 36 5 814 5 70 10 80 30 20 5 373 5 1090 5 146 10 404 10 25 20
1 50 25 30 83 15 280 10 88 10 101 10 252 10 90 5 539 5 69 5
717 25 572 15 43 10 187 10 989 5 285 5 99 35 265 10 437 10 811 10 196 10 141 30 792 10 220 10 710 10 123 15 806 10 434 10 617 10 132 5 800 5 72 5 307 35 183 15 2 10 962 5 775 10 722 15 559 10 1067 5 662 5 455 15 588 5 441 5 481 5 255 10 961 5 402 10 831 15 373 10 980 5 796 30 95 15 82 15 611 10 253 10 315 15 396 20 359 20 190 5 1090 5 711 5 501 15 391 5 239 20 1006 5 575 5
745 45 417 25 672 20 25 15 52 10 416 10 61 5 535 5
10 10 232 20 72 75 309 30 248 5 143 95 135 40 268 80 401 65 11 530 311 45 50 45 5 30 101 30 85 240 25 215 97 25 19 25 52 25 209 20 182 20 15 20 117 15 143 15 73 10 61 10 731 10 195 10 856 10 990 10 194 5 369 5 179 5 181 5 400 25 3 20 5 50 194 10 369 15 36 75 311 20 139 5
769 5 265 5 96 15 266 5 321 50 25 35 863 5 1035 5 15 5 96 5 52 5 61 5 602 5
1 25 52 10 88 10 87 10 447 5 422 5 144 5
887 50 717 10 442 15 1138 40 243 25 221 30 316 40 551 5 572 35 812 20 43 20 972 10 187 20 279 15 989 10 1134 5 629 5 259 25 285 25 99 5 769 5 265 10 437 10 811 20 956 10 623 10 472 10 449 10 1079 10 223 25 196 10 141 25 866 5 327 15 362 10 585 10 792 10 381 35 197 20 123 30 168 40 806 10 434 15 211 20 494 20 877 20 874 20 617 60 234 80 503 30 371 25 665 15 319 15 468 35 903 10 506 40 1020 15 878 30 149 25 552 20 165 25 132 20 6 20 898 20 622 20 800 65 635 10 4 15 72 40 322 40 1022 10 845 30 307 10 309 15 203 60 22 40 683 5 183 60 2 60 910 10 118 10 722 10 692 10 779 5 140 45 837 10 455 40 781 10 267 35 890 15 588 35 760 15 281 5 441 5 481 10 492 50 255 5 961 10 402 10 1013 15 831 25 0 5 241 5 504 20 306 55 271 5 618 5 76 10 1046 5 741 5 373 25 313 10 499 5 721 10 664 10 432 30 980 10 796 75 95 60 784 5 385 10 694 10 510 10 608 10 782 5 540 5 493 5 91 15 82 10 290 25 87 10 253 5 315 5 282 10 396 10 676 15 359 20 343 10 304 5 328 10 190 20 1090 5 711 35 204 5 145 85 433 40 112 10 501 15 421 10 18 50 391 15 464 20 641 20 239 10 467 15
26 15 654 35 25 35 89 125 15 10 296 5 90 5
316 50 123 15 665 130 319 60 149 25 165 25 183 20 775 5 248 15 44 10 71 5 353 5 289 10 342 15 143 5 3 15 78 80 36 5 26 45 89 5 27 5 192 5 219 10 516 5 69 20 20 100 82 5 290 25 611 5 433 15 18 10 246 185 464 15 641 15 25 20
1 50 42 15 88 15 91 10 61 5 458 5
251 35 25 65 273 145 251 15 52 15 15 15 92 15 101 15 93 10 105 5 19 5 97 5 607 5 206 20 373 10 282 10
25 35 61 20 105 190 286 15 858 15 906 15 1065 15 93 5 214 5 104 50 143 10 225 10 92 10 97 5
523 5 55 25 275 15 55 65 917 65 94 60 63 30 25 275 702 270 681 25 538 170 275 15 422 15 276 15 803 10 52 10 15 10 981 5 61 5 447 5
1 80 88 60 95 50 311 45 25 35 181 25 36 25 280 20 403 20 889 100 83 15 414 15 268 15 44 15 35 10 34 10 97 5 19 5 61 5 188 5 192 5 15 5
265 10 863 80 25 70 1051 20 86 15 96 10 321 10 532 5 61 5 1112 5 52 5 266 5 15 5 266 15 86 5
812 35 232 15 377 5 141 5 381 20 197 5 878 5 6 5 72 10 248 40 652 5 260 20 142 5 198 20 1101 20 143 25 85 25 225 15 5 20 92 5 36 10 311 40 1038 80 97 70 461 50 19 395 508 30 13 30 25 260 226 25 61 20 52 20 15 10 101 10 98 10 134 5 695 5 144 5 666 5 142 5 93 5 64 5 105 5 7 5 892 5 570 5 158 5 658 20 138 5 460 20 776 5 356 5 70 5 209 5 673 20 95 5 407 5 18 20
97 10 386 15 98 20 134 105 52 10 233 5 61 5 25 5 101 5 209 335 208 5
1 95 286 65 83 35 56 30 61 25 25 25 109 15 372 10 582 5 88 5 252 5
380 5 340 30 25 45 100 20 732 180 3 15 61 10 101 10 52 10 164 5 481 5 492 10
243 5 221 5 894 10 10 65 625 10 331 140 606 25 973 15 232 180 127 60 14 25 854 5 1105 15 1122 10 423 35 39 20 882 20 222 20 197 5 523 5 123 5 394 5 874 5 159 70 40 40 392 50 152 15 605 10 660 75 764 20 171 5 371 10 132 10 72 10 203 5 183 5 692 20 324 5 44 20 614 15 270 5 639 5 418 10 136 5 1118 10 595 5 57 5 360 5 909 15 143 10 85 30 225 5 3 30 210 20 5 30 656 5 369 5 92 15 36 50 311 25 37 40 378 25 100 10 97 10 570 5 224 5 272 5 150 10 520 5 34 20 70 45 80 10 1140 5 58 5 98 5 275 5 186 10 241 5 504 5 313 20 82 10 208 10 282 5 383 5 711 5 446 10 18 20 146 5 602 95 389 10 391 10 404 235 246 25
17 20 217 20 30 20 103 20
477 20 277 20 370 20 29 20 367 20 1114 20 489 20 102 20 834 20 357 20 577 20 212 20 216 20 263 20 912 20 298 20 766 20 147 20 844 20 312 20 517 20 16 20 1142 20 262 20
878 15 248 5 93 50 104 30 429 25 25 25 865 20 105 20 333 125 52 10 478 10 61 5 512 5 1103 5 143 5
878 15 72 5 322 5 93 190 104 20 143 15 225 5 92 5 36 5 311 5 97 5 139 5 25 20
31 35 25 20
689 20 391 10 25 20
705 15 706 90 25 55 108 45 109 15 61 15 578 15 52 10 582 5
259 20 99 15 410 5 582 20 108 15 676 35 359 25 328 15 1090 5 711 5 112 25 501 10 421 5 25 20
37 20 1 20
449 10 494 15 3 5 78 25 36 5 278 205 173 25 111 25 521 25 61 20 174 20 25 185 272 15 841 10 138 5 229 5 158 5 138 15 272 20 0 5 241 5 504 10 306 30 271 15 76 15
61 35 1 30 109 25 113 20 88 10 582 5 422 5 372 5
941 15 112 20
847 40 25 25 1060 5 114 5 42 5 61 5 303 5
551 5 572 10 371 10 172 10 25 50 115 40 593 30 116 235 61 10 927 10 15 5 52 5 161 5 3 5 37 5
551 25 572 20 371 125 172 110 115 235 25 20
731 20 660 45 171 5 639 5 143 15 85 15 3 15 36 30 311 50 37 5 272 5 34 10
1 35 1107 25 119 20 88 10 25 10
118 20 1107 20 446 5 25 20
248 15 25 40 121 40 868 120 589 10 366 5
316 40 248 295 120 40 143 10 366 20 25 20
506 40 22 70 445 75 580 215 25 20
25 80 53 55 1099 45 188 35 156 35 88 30 589 25 436 25 1 130 90 15 83 15 379 10 169 10 44 10 869 10 530 10 703 10 69 5 101 5 235 5 1024 5 3 5 161 5 123 5 438 5 230 5 81 5 495 5
964 25 25 20
159 10 40 5 376 20
168 30 342 5 126 70 703 310 189 25 161 25 25 130 53 15 37 15 3 15 342 15 593 5 61 5
101 60 40 215 128 25 332 25 529 100 161 15 3 15 507 15 52 10 127 10 189 5
127 25 14 5 223 5 197 45 309 10 203 5 22 5 639 10 507 20 177 35 143 45 135 20 12 15 3 60 445 30 231 10 251 25 36 95 37 45 378 5 70 55 373 10 18 15 25 20
251 10 207 60 129 50 336 50 15 35 273 30 206 30 25 230 778 20 131 20 180 180 225 10 193 10 130 10 431 10 251 5 61 5 607 5 269 5 12 5
778 20 485 10 172 10 337 10 143 10 135 10 12 10 3 10 445 10 231 10 251 10 129 10 36 10 37 10 192 10 516 10
625 15 878 10 322 40 1022 5 135 5 12 125 225 230 870 5 129 20 25 20
37 85 25 45 133 265 1 200 88 20 61 155 593 145 238 10 101 10 422 5 83 5 237 5
132 265 25 20
97 5 386 5 98 105 209 15 25 20
143 35 405 90 401 55 400 40 85 40 25 260 179 245 143 25 778 20 3 20 128 20 15 20 11 120 135 110 52 15 336 15 12 15 5 15 161 15 130 10 193 10 61 5 131 5 225 5 283 5 50 5
910 10 136 60 274 45 514 35 61 30 137 30 25 270 995 210 827 20 713 20 66 15 947 15 59 15 58 15 46 10 52 10 49 10 45 10 101 5 49 15 794 5
136 30 45 15 346 30 25 20
111 5 25 90 932 165 111 15 138 5 61 5 431 5 444 5 97 5 139 5 616 5 278 5 306 60
72 5 143 40 12 35 251 20 36 10 138 5 139 85 61 65 13 360 856 25 25 105 52 15 431 10 85 5 105 5 182 5 323 5 15 5 306 5 282 40
88 45 140 45 1 35 61 30 25 20 44 15 15 15 280 5 422 5 3 5 37 5
797 90 25 55 141 45 64 40 142 35 83 30 280 30 61 30 326 25 88 25 1 125 471 15 813 15 372 10 1004 10 97 5 940 5 413 5 525 5 19 5
141 35 61 55 1055 30 413 30 797 270 52 25 471 20 372 20 25 165 19 165 142 135 64 130 408 10 326 10 403 10 15 10 457 5 97 5 189 5 1059 5 325 5 447 5 325 125 526 5 97 5 407 5
232 5 635 5 4 5 72 20 309 5 203 25 85 95 25 820 188 55 612 45 128 45 311 40 139 40 11 360 268 310 135 35 44 35 15 30 179 30 333 30 415 30 143 275 181 210 97 25 13 25 50 25 252 25 19 20 61 20 778 20 688 20 401 1570 161 120 105 15 36 15 117 15 177 15 486 15 52 15 195 10 444 10 856 10 193 10 616 10 81 10 93 10 121 10 130 10 269 10 144 10 101 10 248 10 70 5 731 5 422 5 90 5 990 5 369 5 5 5 194 5 3 5 227 5 436 5 104 5 233 5 283 5 135 25 85 15 5 10 36 50 311 5 760 5 306 10 602 5
377 5 327 5 434 5 862 5 159 40 392 25 800 5 497 5 248 5 44 75 71 40 353 5 292 5 410 5 931 20 850 10 143 10 3 15 656 5 36 10 37 10 97 5 26 5 70 30 20 20 186 5 796 5 87 5 463 5 711 5 446 15 433 30 18 10
88 85 61 55 150 35 686 20 1 120 413 15 145 15 452 15 235 10 879 5 25 5 269 5 851 5
576 15 262 825 766 80 834 60 312 360 477 35 370 35 146 25 597 20 517 1060 564 15 52 10 367 10 81 10 101 5 1130 5 715 5 852 5 832 5 291 5 147 5 447 5 476 15
103 20 217 20 576 15 146 5 476 15
679 50 581 15 25 20
161 90 25 70 804 475 1 320 50 35 5 30 3 30 61 230 486 25 90 25 88 25 79 20 166 20 188 15 44 10 69 10 284 5 229 5
617 30 234 35 644 5 930 5 682 30 150 25 603 15 52 10 101 10 145 35
599 20 25 5 151 5 26 5
766 90 152 85 517 65 262 30 477 30 576 20 159 20 16 20 312 20 40 120 101 15 216 15 153 10 736 10 545 10 52 10 834 5 755 5 61 5 392 5 15 5 605 30
152 10
1111 20 155 20 1088 20
154 20
316 80 123 35 183 20 156 90 1024 45 25 30 44 15 69 15 188 10 61 5 26 5 20 10 290 30
240 20 25 20
717 5 22 5 537 20 1080 5 44 5 1167 5 655 10 580 15 97 5 111 5 70 5 673 10
867 5 529 10 10 15 331 50 606 5 232 50 423 5 376 70 561 70 101 70 144 40 780 30 159 260 422 25 630 20 42 20 222 20 597 15 1063 10 125 10 52 10 923 5 61 5 375 5 160 5 560 5 900 5 40 125 392 325 152 20
159 5 376 20
243 120 572 25 127 15 14 5 769 20 123 5 211 70 149 90 4 10 307 30 309 20 203 40 22 5 683 15 2 15 485 5 938 45 115 5 639 20 126 25 143 120 135 15 3 1585 5 145 170 5 36 55 37 25 378 10 60 40 340 10 888 10 518 45 890 15 481 5 432 10 343 5 25 20
44 25 670 35 25 25 162 15 52 10 61 10 70 5
566 40 25 15 380 5 163 5 164 5
37 5 163 5 380 55 340 55 100 5 481 10 492 30 25 20
25 85 908 605 36 60 311 60 268 40 1 330 486 30 61 255 88 25 90 25 79 20 166 20 181 100 188 15 44 10 252 10 69 10 284 5 19 5
665 90 149 20 165 20 374 5 71 20 5 40 78 30 79 20 70 40 383 50 18 15 246 70 25 20
78 20 26 5 774 115 167 15 667 10 61 10 52 10 25 5 399 5 796 10
25 75 1 60 1099 45 88 40 168 35 126 30 230 25 169 25 61 20 495 15 703 15 53 10 949 5
123 10 168 25 230 40 342 5 25 20
3 5 25 50 3 25 257 105 170 15 52 10 757 10 161 5 61 5 731 5 60 10
660 45 252 25 52 10 171 10 709 5 101 5 447 5 573 5 716 5 117 5
551 5 572 5 371 5 172 55 927 335 238 30 25 200 15 25 778 20 269 20 116 110 593 10 193 10 130 10 115 10 237 10 37 10 61 5 647 5
111 25 272 5 25 70 77 40 174 115 74 15 975 10 61 5 278 5 618 5
111 20 272 5 173 115 74 5 618 60 25 20
235 40 176 30 175 170 562 10 350 5 208 215
175 30 562 65 626 15 25 20
1066 15 25 50 128 35 415 185 177 15 52 10 507 10 61 5 143 15 3 10 36 10 37 10
32 20 31 20 569 15
635 5 143 30 135 245 85 5 400 10 25 20
251 10 129 180 206 5 25 20
10 100 232 80 223 10 381 20 197 55 494 70 165 100 72 75 203 70 639 15 143 210 85 5 3 185 36 1720 311 125 37 10 888 10 455 10 781 10 267 160 890 10 241 5 504 35 618 20 373 35 95 25 510 55 608 30 18 20 25 20
43 5 10 10 232 5 85 20 12 5 36 10 70 15 139 5 856 20 373 60 25 20
88 60 61 45 589 25 436 25 90 20 156 20 1 100 379 15 83 15 25 15 3 10 869 10 530 10 69 5 101 5 235 5 233 5 1024 5 438 5
220 5 25 50 1150 20 1091 105 185 15 61 10 1152 10 184 10 1085 5 350 5 349 5 242 5 70 5 402 5
184 15 1150 90 25 10 570 5
70 20 25 15 317 10 372 10 52 10 101 10 186 5 144 5 686 5
187 30 15 25 44 20 88 20 25 20 188 20 1 110 83 10 37 5 61 5 3 5
43 15 972 5 187 20 377 20 381 10 197 10 123 35 211 10 494 10 665 60 319 10 149 15 165 15 203 20 775 5 485 15 44 415 284 5 71 15 342 5 143 55 3 75 445 10 78 75 156 10 36 90 37 50 26 5 219 5 70 80 20 5 95 5 18 20 246 160 25 20
127 5 39 5 494 5 468 10 584 20 142 5 126 25 3 5 37 5 626 10 20 5 504 5
1 25 88 20 190 15 83 5
1114 20 651 15 52 10 263 10 191 5
192 95 25 70 889 50 414 220 778 20 130 10 229 10 15 10 193 10 34 10 311 5 269 5 90 5 228 5 61 5 69 5 268 5 34 15 373 10 95 5
485 10 172 10 337 10 143 10 135 10 12 10 3 10 445 10 231 10 251 10 129 10 36 10 37 10 192 10 516 10
1067 5 143 5 85 5 3 5 25 65 61 30 194 20 50 20 990 150 11 10 52 10 85 10 195 5 369 5 5 5 647 5
143 10 85 10 3 5 194 5 369 515 25 20
1 25 88 10 83 10 325 5 25 5
302 90 198 65 181 55 25 55 36 50 128 45 791 40 197 35 802 35 44 30 61 20 88 20 311 20 474 20 1 140 988 110 507 15 19 15 188 10 268 10 227 10 97 5 101 5
197 65 474 5 791 50 198 30 97 20 25 5
1026 20 70 5 25 20
300 30 25 20
910 10 487 10 430 75 25 55 201 15 202 10 66 10 487 5
487 60 201 10 25 20
1 80 181 70 5 65 88 60 11 60 25 50 50 45 268 40 161 40 401 40 203 30 143 25 3 20 44 20 188 20 36 10 61 5 128 5 668 5 101 5 79 5 81 5 507 5 235 5
704 50 1 50 603 15 61 10 204 5 726 5 1121 5 839 5 984 5 341 5 205 5 305 5 25 5 689 5 88 5
1053 20 204 5
129 30 25 35 273 25 92 20 207 120 180 5
129 60 206 120 25 20
350 80 15 60 235 50 208 45 175 215 52 10 101 10 42 10 209 5 98 5 422 5 562 5
10 20 331 45 232 55 85 20 5 45 311 55 209 60 25 60 98 335 52 30 19 20 456 175 134 15 61 10 15 10 97 5 233 5 673 5 208 5
606 5 308 5 210 80 25 35 101 20 440 175 731 15 51 10 35 5 422 5 61 5 52 5 1025 5 15 5
161 70 1 65 25 40 50 35 633 30 3 30 5 25 626 20 88 20 482 100 516 10 188 10 211 10 44 5 61 5
912 25 217 20 213 20 103 20 476 15
832 20 293 20 212 20 353 5 576 5
1019 95 25 85 624 30 865 25 1016 20 61 15 52 10 215 5 214 5 93 5
214 5 1016 25
152 15 30 20 103 20 17 20 217 20
477 20 277 20 370 20 715 20 29 20 367 20 1114 20 489 20 102 20 834 20 357 20 852 20 577 20 212 20 216 20 564 20 651 20 263 20 697 20 1057 20 298 20 766 20 147 20 844 20 312 20 517 20 16 20 1142 20 262 20
394 5 419 5 26 10 80 215 290 5 404 75 476 5 25 20
609 5 25 85 609 30 462 30 663 225 675 25 574 25 219 20 982 15 350 15 90 10 249 10 785 10 44 10 589 10 685 5 436 5 61 5 188 5 694 10 782 5 540 10 602 10
1 35 83 10 184 5 25 5
372 40 1 35 88 30 485 15 221 10 613 10 269 5 101 5 25 5 61 5
101 20 159 20 40 20 1078 20 25 20
1 40 36 30 88 25 25 15 181 10 128 5
1133 40 101 5 25 5
625 5 878 5 322 55 1022 10 135 5 12 105 225 75 13 35 52 30 131 230 25 110 15 15 97 15 871 15 12 15 336 10 19 10 93 10 61 5 101 5 870 5 105 5 129 10
1076 5 97 25 570 45 70 20 25 20
197 10 143 5 36 5 945 20
229 65 25 25 228 15 349 15 61 10 52 10 332 5 886 5 349 15 242 5 192 5 70 5 358 10 18 20
377 5 149 5 5 5 36 10 311 5 228 65 349 5 111 5 192 10 70 15 516 5 358 5 25 20
123 5 168 25 25 50 169 40 342 25 53 20 495 15 230 15 61 5 44 5 342 15
623 10 506 10 22 10 445 80 54 435 269 35 25 235 778 20 23 190 231 145 193 10 452 10 128 10 15 10 130 10 61 5
40 910 181 80 209 55 159 50 232 45 268 40 401 30 85 20 101 180 242 140 529 105 11 15 97 15 52 15 44 15 61 10 560 10 182 5 311 5 143 5 422 5 458 5 69 5 233 5 42 5 856 5 36 5 25 5 15 5
10 5 331 5 232 5 394 5 617 5 234 5 660 15 183 5 143 5 3 5 36 5 80 5 98 5 209 5 711 5 18 35
88 80 150 35 61 35 686 20 1 125 234 15 452 15 413 15 63 10 379 10 235 10 422 5 269 5 879 5 15 5 851 5 874 5 25 5 233 5
887 10 265 10 123 5 234 10 203 5 183 5 175 40 627 30 208 50 463 5 145 10 404 30
37 50 52 10 236 5 281 10 861 5
371 10 132 5 238 60 25 20 52 15 1117 10 237 10 374 5 795 5 172 10 639 15
867 5 371 15 132 10 237 60 172 30 639 5 25 20
1 45 25 20 83 20 88 10 240 10 960 5 542 5
157 20 239 10
521 40 311 35 1 30 278 30 25 10 268 10 36 5 111 5 88 5 101 5 181 5
331 115 232 140 1122 15 423 60 5 195 311 190 1015 35 242 105 911 15 61 10 52 10 25 5 1091 5 184 5 642 5 228 5 422 5 272 40 34 75 626 25 271 30
25 50 613 25 88 25 61 20 593 130 161 120 243 105 1 100 485 15 33 15 37 15 280 10 732 10 3 10 938 5 101 5
619 5 245 20
923 30 561 10 15 10 619 10 244 20 555 15 556 20 470 50
602 70 389 235 69 75 166 70 79 50 25 45 44 45 486 45 284 30 101 25 246 195 90 185 188 160 61 15 476 15 52 10 390 10 71 5 283 5 476 125
35 40 25 15 52 10 247 5 64 5
316 30 25 90 248 75 19 40 97 40 11 30 121 295 401 25 61 20 120 15 333 15 350 15 90 15 52 10 892 10 324 10 144 5 44 5 1068 5 85 5 104 5 143 10 366 10 602 5
386 10 219 10 462 10 250 65 25 35 249 25 386 15 785 5 657 5 510 40 493 20
249 65 493 30 25 20
13 55 534 45 607 325 25 320 92 35 128 25 444 20 616 20 139 20 252 20 778 20 273 185 251 135 533 15 193 10 15 10 323 10 129 10 61 10 130 10 269 10 180 10 52 5 81 5 129 5 92 15 373 10 282 10
99 5 392 15 171 25 552 5 165 10 622 5 1103 20 143 25 12 20 251 20 20 5 82 10 1025 20 476 10
1 45 745 25 25 15 83 10 672 5 88 5 535 5 971 5
841 40 25 20 530 20 61 20 254 5 1000 5 76 10
301 55 1 35 1075 20 83 10 256 5 88 5 25 5
65 10 269 20 301 65 25 25 452 5 255 5
683 15 3 10 170 105 60 15 25 20
812 10 260 170 3 15 36 15 25 20
1 85 712 65 286 65 259 50 61 30 958 30 88 25 109 20 582 20 56 15 561 15
812 10 652 40 260 30 52 30 261 20 97 20 15 20 258 170 25 140 19 15 61 15 3 10 36 10
812 25 652 65 260 20 297 10 25 20
152 30 17 20 217 20 30 20 103 20 576 85 146 825 476 15
191 10 30 20 103 20 264 20 217 20 17 20
370 20 651 20 263 20
1051 75 1035 55 1 45 25 35 321 20 815 20 266 15 265 10 532 10 88 10 235 10 96 10 280 10 83 10 86 5 61 5
265 15 96 5 532 80 25 55 96 15 266 10 863 10 15 5 321 5 52 5 86 5
268 70 1 65 36 55 88 35 311 30 25 25 181 160 61 10 267 10 44 5
10 60 232 40 381 10 197 10 494 50 165 40 72 145 203 40 143 310 85 80 3 20 5 135 369 165 36 380 311 1050 310 20 192 5 267 70 241 10 504 10 618 20 373 5 95 15 510 15 608 5 18 5 25 20
221 5 234 5 485 5 172 20 337 5 595 5 143 10 12 10 3 10 445 100 231 35 251 10 129 5 36 5 37 10 269 75 25 55 350 25 64 25 256 20 452 145 457 15 413 15 408 15 879 15 762 10 52 10 628 10 61 5 945 5 270 5 301 5 192 5 516 5 627 5 961 5 145 5
25 40 762 30 270 15 627 10 81 5 879 5 15 5 101 5 269 5 70 20
1 45 242 30 521 30 111 15 25 15 278 10 272 5 88 5
111 15 272 55 242 40 521 315 932 20 111 20 25 140 278 10 117 5 61 5 173 5 975 5 74 5 174 5 101 5 610 5 504 10 306 40 271 5
251 185 129 30 92 145 206 25 533 5 373 30 282 30 25 20
136 45 49 55 25 20
20 30 20 35 702 35 583 20 985 150 275 125 681 115 25 105 63 15 94 15 778 10 350 5 538 5 101 5 61 5 276 5 917 5 582 5 824 5 94 15 641 25
55 20 917 95 25 35 276 25 1030 20 538 10 61 5 275 5 94 15
30 20 103 20 17 20 217 20 353 20 576 5
722 5 3 15 445 10 78 70 36 50 111 205 138 5 272 10 173 5 888 10 0 15 241 30 306 30 271 10 76 25 25 20
1 60 61 20 88 15 280 10 25 5
717 25 442 15 243 10 572 15 279 10 265 10 377 25 811 10 141 30 327 20 362 20 585 30 792 10 710 5 806 10 434 10 800 15 322 10 1022 5 775 5 722 5 559 5 140 5 70 15 971 10 1013 10 373 10 432 10 95 20 82 10 541 5 676 10 359 5 343 5 421 15 467 25
1 55 37 25 15 15 593 15 236 10 88 5 25 5
139 40 273 30 25 25 607 20 13 120 1 115 251 10 92 10 88 10 61 10 282 10 431 10 283 5 101 5
292 5 143 5 135 5 3 5 36 5 37 5 511 20 26 25 27 5 20 5 282 5 246 5
665 10 149 5 165 5 44 10 486 75 25 40 284 15 79 15 52 10 188 5 61 5 5 5 78 5 36 5 70 15 18 5 246 30
1 95 286 65 56 50 88 25 25 20 561 10 83 5 393 5
259 65 285 65 99 65 93 15 56 20 578 5 55 10 541 10 676 305 359 5 1090 10 25 20
779 5 880 55 25 40 287 30 61 15 424 15 59 15 514 10 338 10 52 10 671 10 545 5 288 5 288 15 794 5
779 5 287 5 338 15 818 60 25 50 339 150 59 15 671 15 287 15 880 15 1165 10 52 10 1109 5 61 5 288 5 514 5 391 10
25 95 1043 80 289 45 830 30 296 20 320 15 78 15 90 10 69 10 52 10 447 5 61 5 422 5 1129 5 26 5 454 20
1 80 156 30 589 30 90 25 291 25 69 25 88 25 25 20 454 15 15 10 61 10 1024 10 1129 10 290 10 218 5 438 5 80 5
316 25 377 10 394 5 485 10 81 20 3 10 366 5 37 20 26 5 62 5 70 40 20 20 627 5 373 5 290 25 146 5 404 10
377 15 848 70 292 15 52 10 25 10 144 5 61 5 283 5
742 20 294 20 213 20 446 30
293 20
767 40 25 30 496 20 61 20 52 10 1069 5 690 5 295 5
622 5 559 5 297 10 289 20 5 50 78 70 26 720 89 5 27 40 432 20 980 10 796 35 25 20
1002 80 25 35 296 10 599 10 15 10 261 10 52 5 652 5 26 5
217 20 1137 20 17 20 883 20 103 20 30 20 476 15
846 60 25 50 496 20 61 10 52 10 299 5 81 5 300 5 15 5 70 5
299 5 200 30 1073 20 25 15 846 5
269 5 256 65 255 55 25 20
197 90 988 80 52 10 302 5 25 5 61 5
1060 80 799 15 25 10 1034 5 114 5
1 35 58 5 592 5 25 5 88 5
1048 20 204 5
1 75 138 60 482 60 521 60 11 55 88 55 401 55 272 40 306 30 111 30 278 30 25 25 932 140 516 10 143 10 633 10 139 5
1 40 50 35 83 35 161 30 25 30 3 20 876 20 440 100 5 15 308 10 88 10 307 10
307 10 876 50 25 20 210 5 308 5 61 5
1 30 85 30 161 20 25 20 50 20 88 15 11 15 3 10 128 10 401 5 143 5
36 20 311 10 25 45 310 35 51 25 268 20 466 115 52 10 61 10 311 5 372 5
10 45 232 5 381 20 197 20 494 30 165 60 325 5 143 40 85 45 3 5 5 50 369 40 36 125 731 80 52 70 25 515 209 55 117 50 311 440 97 40 36 30 101 25 85 20 61 20 242 190 15 125 181 125 268 1050 610 15 11 15 19 15 401 10 310 10 356 10 42 10 13 10 458 10 1025 5 143 5 332 5 105 5 562 5 229 5 35 5 310 5 192 5 267 30 890 5 241 35 504 30 618 55 373 15 95 45 510 35 608 20 18 15
152 20 30 20 17 20 217 20 103 20 576 55 146 360
1 90 63 85 354 75 313 55 1144 30 25 25 61 20 101 20 500 20 950 20 314 20 933 20 1175 15 348 15 1089 10 1094 10 52 10 372 10 88 10 1128 5 1166 5 1160 5 963 5
354 25 313 20
1 55 745 25 25 20 83 15 417 10 971 5 672 5 535 5 416 5 88 5
1 95 156 80 90 50 589 45 88 40 121 40 248 30 291 25 25 25 81 20 1024 20 438 10 69 10 61 10 316 5
503 5 686 20 445 15 580 5 186 10 25 20
569 45 25 20
1 80 90 60 25 35 319 35 61 20 926 115 88 15 320 15 78 15 69 10 188 10 44 5
319 15 289 15 5 65 78 675 25 20
769 20 265 20 96 10 266 5 86 50 25 20
225 55 131 40 1 40 88 40 25 35 12 15 870 10 336 10 280 10 322 5 61 5 105 5
43 5 552 5 431 20 251 10 73 5 70 5 139 5
248 10 892 50 52 10 324 10 101 5 61 5
196 5 142 5 797 85 25 80 1023 570 81 35 325 165 142 125 326 105 526 15 1055 10 52 10 19 10 527 10 61 10 471 5 64 5 413 5 311 5
141 25 142 10 325 105 471 20 526 5 648 5
1 30 280 20 88 15 524 5 9 5 144 5 25 5
1 35 109 15 88 10 582 10 328 5 61 5
1096 5 330 20
329 20 25 20
529 70 159 50 209 45 331 40 40 380 101 140 242 115 52 15 51 10 61 5 15 5 233 5 25 5 60 5 458 5 42 5 422 5 560 5
127 25 38 20 311 5 37 25 228 5 25 20
878 10 248 15 104 125 143 30 25 20
853 75 25 20
770 55 25 50 944 15 1037 10 61 10 335 10 810 10 920 5 602 15
878 15 322 10 135 15 12 340 225 10 129 50 25 20
979 75 593 45 15 30 640 275 25 220 37 25 485 20 778 20 669 20 337 145 61 15 52 15 130 10 33 10 193 10 350 10 857 10 269 5 938 5 639 5 639 30
287 10 671 65 25 35 288 15 338 15 52 10 880 5 339 5 61 5
338 5 288 150 25 20
37 5 37 95 164 55 340 45 1116 385 380 35 100 30 422 20 33 20 25 155 593 140 732 110 52 10 61 10 71 10 161 10 566 10 390 10 15 5 38 5 481 25
563 20 204 5
230 25 53 90 25 75 486 20 90 15 230 15 61 10 52 10 188 5 342 5 169 5 126 5 703 5 126 15
1 55 61 15 25 15 661 15 88 10 451 10 343 5 344 5 647 5 280 5 518 5 161 5 3 5 450 5 1014 5
518 140 343 5 25 20
388 30 25 20
45 10 137 30 346 20 45 15 25 15 52 10 713 10 61 5
821 35 25 20
933 40 313 15 25 20
377 10 228 15 886 65 25 50 228 15 349 10 52 5 184 5 350 5 61 5 229 5 15 5 395 5 70 10 402 15 18 10
1138 5 248 15 175 5 355 5 337 10 184 5 595 40 360 5 668 5 269 25 349 5 26 5 609 15 567 15 219 15 462 15 51 5 661 10 275 5 208 80
551 25 636 20 352 10 52 10 351 10 61 5
551 10 351 10
365 65 766 30 277 20 353 15 25 15 61 10 52 10 771 10 90 5 852 5 213 5 560 5 144 5
314 25 313 75 25 20
601 20 52 10 61 5 350 5
44 10 36 10 311 10 996 40 25 35 61 20 356 10 1163 5 884 5 97 5 19 5
103 20 217 20 576 60
25 30 387 25 358 15 61 10 52 10 228 10 886 5 229 5 19 5
1 50 109 25 83 20 88 20 582 10 25 10 1145 10 56 5 280 5 286 5
360 90 25 85 61 20 954 195 15 15 52 15 798 15 42 15 458 15 581 10 1096 10 350 5 101 5 590 5 581 25
1102 20 52 10 361 10 61 10
1 20 280 20 88 10
363 75 364 385 422 25 25 10 447 5 597 5
363 385 25 20
353 65 771 10 25 20
1155 75 959 50 366 45 823 40 61 25 496 20 121 20 25 105 15 15 248 10 52 10 868 10 515 10 454 10 81 5 291 5 620 5 1129 5 120 5
103 20 217 20 146 10
5 130 68 100 25 20
662 5 143 5 85 5 3 5 194 5 369 85 11 80 50 65 195 515 61 40 311 40 25 200 268 165 5 15 85 15 52 10 101 5 647 5
30 20 103 20 264 20 217 20 17 20 576 35 146 35 476 40
927 65 1009 255 88 25 1 155 116 125 61 110 238 15 25 15 115 10 101 10 237 10 172 5 422 5
221 40 99 10 141 10 392 15 705 5 142 20 779 5 66 10 310 5 34 5 70 235 626 5 20 40 186 10 673 10 313 10 676 5 112 5 421 5
25 85 182 60 1 300 181 35 273 30 414 30 88 25 856 25 373 25 36 20 913 135 61 105 15 15 607 15 13 15 311 15 34 15 192 10 19 10 83 10 280 10 251 10 889 10 92 10 128 10 268 5 1115 5 81 5 291 5 44 5
795 35 25 25 52 20 79 15 1117 15 374 10 879 5 851 5 166 5 61 5 237 5 71 15 389 5
159 5 376 20
159 70 392 5 660 5 900 20 160 20 1063 20 125 20 375 20
848 95 1 90 19 85 25 70 403 50 280 25 188 20 292 15 1068 15 395 10 999 10 291 10 695 10 349 10 7 5 97 5 229 5 424 5 144 5 886 5 44 5 587 5
37 5 378 40 593 35 101 25 52 20 3 20 725 135 25 100 37 10 731 10 161 10 15 10 507 5 61 5 128 5
123 10 617 25 234 10 183 15 744 20
163 5 164 55 25 20 61 10 100 5 340 35 481 5 492 5
1 90 36 50 25 40 488 35 88 35 181 20 311 20 97 20 382 15 44 10 188 10 268 10 1032 5 381 5
381 15 1032 40 25 20 61 5 952 5
166 50 383 45 52 45 15 30 61 25 422 20 568 140 384 15 25 15 51 10 597 10 79 10 101 5
1093 20 383 15 25 20
675 60 785 50 1 45 25 20 609 10 88 10 567 5 386 5
567 10 785 65 25 55 98 15 249 10 134 5 675 5 386 5 61 5 249 15 385 5 493 5
358 25 25 20
617 5 928 25 345 30 644 10 388 10 25 10 61 5 721 10
390 35 602 35 246 235 905 20 25 20 476 160 389 115 101 10 52 10 795 10 374 5 755 5
71 165 37 190 340 10 389 35 246 10 25 20
1 80 25 40 827 35 713 25 59 15 88 15 682 10 995 10 101 10 1048 10 107 10 288 10 391 10 689 5 83 5 603 5 514 5 45 5
40 280 392 525 101 50 42 50 159 325 561 35 52 30 723 25 967 25 582 25 144 25 1017 20 25 20 61 100 252 15 372 15 1025 15 393 10 376 5 422 5 596 5 560 5 755 5 597 5 152 5
285 5 392 10 433 5
1 50 81 15 291 5 101 5 233 5 218 5
377 10 6 10 349 5 707 85 395 15 25 15 52 10 61 5 886 5 70 5 18 10
1 45 83 20 25 15 960 10 88 10 632 10 542 5
992 5 398 35 1073 20 25 15 752 5
397 35 25 20
520 10 698 45 25 35 399 20 774 15 61 10 52 10 167 5 15 5
1020 5 135 40 11 50 25 45 85 25 52 25 405 135 179 10 400 5 15 5
232 30 635 5 4 15 72 45 309 5 203 40 248 25 143 1570 135 55 85 65 3 85 36 100 311 10 594 5 306 55 25 20
1152 75 61 45 25 30 402 20 1 105 403 15 707 15 349 15 83 10 88 10 184 5 587 5 886 5
377 50 142 10 587 25 402 15 504 20 95 20 25 20
218 75 404 50 560 30 235 30 101 235 80 25 81 10 52 10 25 10 291 10 422 5 15 5
1020 25 135 90 400 135 25 20
465 20 62 10 20 10 18 5
1 30 457 15 408 10 25 5 142 5 97 5
43 20 22 5 142 10 445 10 457 20 269 15 20 5 407 10 25 20
448 40 25 20
524 5 557 85 25 40 582 10 61 5 9 5 109 5 144 5
660 10 412 20
411 20
717 5 141 5 234 15 503 25 64 20 142 30 325 5 580 10 269 15 70 15 145 15
192 220 34 15 373 30 95 15 25 20
177 185 143 30 3 30 36 30 37 30 25 20
84 10 535 5 417 90 25 20 745 5 315 5
84 25 416 90 315 10 25 20
987 65 418 25 61 10 101 10 52 10 422 5 25 5 447 5
420 55 25 15 218 5 80 10
419 55 80 15 438 5 476 30 25 20
604 45 25 40 1 35 61 35 421 25 1125 25 280 15 422 10 88 10 1136 5 372 5 109 5 676 5 1110 5 582 5
773 5 10 5 331 5 606 5 232 5 643 10 942 20 617 5 234 5 159 25 40 40 392 5 605 10 660 15 371 5 132 5 692 5 485 5 418 5 289 5 1118 10 140 5 909 15 143 5 210 5 78 5 41 5 37 5 340 20 242 5 26 10 363 25 70 10 80 5 55 10 94 15 627 5 208 5 838 10 87 5 383 20 711 5 446 5 112 5 421 10 18 5 404 5
242 60 529 35 101 35 40 15 52 10 159 5
377 5 693 20 287 15 62 30 20 10
20 30 746 80 583 35 25 20 52 10 55 10 425 10 61 5 538 5 20 5
25 20
26 5 428 20 25 5 427 5
26 5 427 20 25 20
104 25 513 40 25 20
201 75 25 20
43 5 552 5 323 20 129 10 138 5 70 5 139 10 282 10 25 20
1 55 3 30 88 30 25 25 296 20 432 20 5 15 161 10 280 10 50 10 44 5 61 5 667 5 26 5
1 50 88 40 144 30 69 25 61 25 90 15 393 5 56 5
875 85 1 25 469 20 1130 15 88 15 280 10 83 10 1158 10 1071 5 435 5 144 5 548 5 1148 5 718 5 434 5 547 5 1108 5 1011 5 25 5
434 5 875 20
123 25 183 25 143 5 3 5 36 5 219 5
1 45 25 10 815 10 88 10 83 10
316 10 123 5 183 5 589 55 25 40 783 100 420 5 1024 5 290 5 476 5
3 20 5 10 25 40 439 30 51 25 50 25 921 115 52 10 61 10 5 5
606 10 307 100 3 70 210 175 25 20
1 40 25 5 60 5 88 5 83 5
443 290 1 270 61 125 280 15 88 15 25 10
717 10 442 290 1045 20 25 20
143 10 12 20 251 20 138 5 616 85 25 20
506 25 22 5 23 700 122 75 25 400 54 40 452 35 128 30 445 240 580 20 778 20 537 195 269 100 686 15 317 15 519 10 130 10 550 10 79 10 15 10 408 10 1049 10 19 10 193 10 278 10 188 10 1168 5 61 5 1052 5 231 80 580 10
711 40 742 30 293 30 446 25 957 25 463 20 144 15 1107 10 52 10 101 10 25 5 15 5 447 5 119 5 573 5 422 5
171 5 44 5 614 5 418 5 289 5 142 5 909 5 78 5 363 5 70 10 94 5 87 5 446 5 18 5 146 5
409 40 25 15 554 5
1 40 88 10 111 10
1014 35 25 15 484 10 451 5 343 5
661 40 450 5 518 10 343 10 25 20
887 10 234 15 445 35 231 10 269 145 256 5 961 5 145 15 25 20
617 75 531 155 25 20
1129 35 289 20 25 15 454 10 1043 10 52 10 61 5 366 10 290 15 602 10
1 45 88 40 36 25 61 15 83 15 181 10 25 5 455 5
209 175 831 10 25 20
43 5 142 5 36 5 408 20 269 15 70 15 20 10 407 15
331 5 232 5 40 5 360 15 5 5 36 5 311 10 42 20 70 45 20 30 91 5 25 20
750 25 1036 10 25 20
461 50 25 30 97 20 776 15 460 5
97 50 460 50 25 20
219 30 25 90 657 145 350 15 567 15 249 10 462 10 61 5 663 5 675 5 785 5 510 10
833 25 893 20 52 10 61 10 144 5 597 5 235 5 446 20
1 40 583 25 20 25 88 20 90 15 25 5
406 20 62 10 20 10 18 5 25 20
36 40 310 115 25 20
1 40 280 25 61 20 88 15
1113 95 61 75 88 35 1 120 584 15 25 15 189 10
434 20 1139 20 1174 20
556 35 245 50 52 10 470 5 1103 5
141 15 142 20 325 5 326 20 526 10 25 20
1 40 88 10 36 10
531 5 930 90 25 20
197 20 802 25 25 15 61 5 198 5
1 40 62 10
389 160 246 15 370 40 576 35 999 30 651 30 420 30 29 25 517 20 832 20 15 20 476 130 246 125 146 15 298 15 212 15 147 15 262 15 766 10 52 10 477 10 252 10 715 5 589 5 946 5 852 5 25 5 438 5 218 5 844 5
217 20 1137 20 17 20 30 20 103 20 152 30 576 10 146 35 476 10
104 10 479 65 25 5
478 65 25 20
502 20 480 15 597 10
732 35 25 35 1 35 340 25 1116 20 164 10 88 10 100 5 83 5 161 5 481 5 380 5
211 100 494 185 516 15 626 250 306 60 25 20
25 20
647 45 450 10 25 20
243 15 221 15 2 20 613 370 938 35 25 220 485 200 44 25 778 20 61 20 33 105 15 15 188 15 193 10 593 10 291 10 130 10 52 10 732 5 647 5 269 5 422 5 3 5 161 5 37 5 938 15 337 20 3 15 37 35
665 65 149 25 165 30 44 25 284 75 342 20 143 15 3 20 78 25 36 35 70 15 18 5 246 45 25 20
910 10 202 60 25 45 201 10 487 5 61 5 66 5 201 5
381 35 952 20 25 20
17 20 217 20 30 20 103 20 576 5
491 20
490 20 25 20
88 50 1 40 164 30 61 25 25 20 100 10 380 5
663 80 25 75 1 35 250 30 249 20 609 20 785 15 657 15 493 10 88 5 386 5
1 95 181 70 268 50 25 50 36 45 311 30 88 20 633 20 494 20 482 185 111 15 188 10 626 10 516 10 189 5 61 5 44 5
123 5 168 15 25 30 1099 25 948 15 495 15 52 10 949 5 61 5 230 15
299 20 295 20 366 20 814 20 62 20 992 20
690 5 498 85 25 5 144 5 497 5
497 85 25 20
63 95 1 45 499 40 61 25 500 20 1130 15 88 5
1130 20 313 20 499 20
1 30 88 15 83 15 109 10
37 5 52 20 502 15 1007 10 37 10 1106 25 724 125 861 85 480 20
88 30 25 30 1 220 413 25 747 20 61 140 686 15 503 10 696 5 317 5
1 90 521 55 181 35 25 35 311 30 36 25 88 20 403 20 272 10 268 10 504 10 111 10 44 5 101 5 189 5
5 90 822 50 25 20
23 75 25 60 122 40 88 40 1 365 54 30 61 280 1054 255 580 25 445 25 231 10
127 15 14 5 197 15 65 5 203 5 128 20 177 10 36 15 37 20 378 5 70 10 18 5
97 30 776 20 25 20
974 25 25 20 509 10 1081 5 61 5
1 80 181 55 25 55 663 45 249 40 36 40 311 35 785 30 574 20 657 15 268 15 44 10 609 10 88 10 462 10 675 10
283 20 25 20
104 5 807 65 25 10 513 5
429 40 25 15 61 15 52 10 513 10 1103 5 807 5 512 5
136 35 45 25 287 10 288 5 58 5 59 60 391 5 25 20
823 20 366 10
211 10 494 10 25 90 516 35 778 20 633 160 626 15 482 15 130 10 193 10 15 10 61 10 229 5 90 5 269 5 626 15 306 10 602 15
152 65 30 20 103 20 217 20 17 20 576 100 146 1060 476 20
161 45 50 30 25 30 344 140 921 15 451 10 343 5
445 10 25 20
26 20 520 35 61 30 530 20 698 20 667 135 25 15 52 10 399 10 101 5 26 5 602 10
111 25 272 315 0 5 241 40 504 55 306 60 271 30 25 20
47 15 1097 20
25 55 523 25 1132 20 702 20 63 15 52 10 61 5 630 5 94 5 101 5
327 5 585 5 792 5 9 60 25 35 524 10 52 10 61 10 410 5
141 5 1004 40 25 25 940 5 61 5
325 15 25 45 64 30 527 160 526 15 19 15 471 10 61 10 52 10 326 5 142 5
325 10 526 160 25 20
594 5 761 20 25 20
1031 35 867 35 894 60 529 35 1058 20 40 15 159 10 52 10 714 75 10 105 625 50 331 70 606 35 973 20 232 105 127 100 14 55 854 50 1076 20 1105 20 1122 40 643 20 423 35 1005 20 39 50
123 10 40 110 605 5 183 10 41 25 254 20 520 20
617 100 531 25 930 20 453 155 25 15 61 5 935 5 473 5 558 10
265 10 96 5 266 80 25 20
251 15 534 50 61 15 25 15 52 10 273 5 533 5
251 45 533 50 25 20
84 5 971 5 745 60 25 15 535 10 416 5 61 5 253 5 315 5
710 5 537 65 655 60 25 60 1087 470 1104 35 536 20 52 10 61 10 597 5 655 20
717 85 22 10 158 20 536 65 445 195 580 15 25 20
20 130 425 5 55 340 276 10 275 5 94 170 25 20
691 20 82 5 18 5
1 35 219 10 88 5
1 55 632 15 960 10 542 10 286 10 25 10 56 5 842 5 280 5 61 5
842 20 396 5 541 10 239 5
26 5 544 20 543 5 25 5
26 5 543 20 25 20
152 10 546 50 25 20 545 10 287 5
545 50 25 20
434 5 548 20
895 20 434 5 547 20 1185 20
934 20 25 20
1167 35 445 10 25 20
1151 70 1 60 116 25 351 25 1009 25 551 20 25 10 352 10 88 5 115 5 172 5
553 50 25 20 88 20 1 175 61 115 1124 10 323 5 431 5 252 5 73 5
552 50 25 20
656 30 448 5 25 20
619 5 556 20 245 15 560 10 1044 10 561 10 555 5
555 20 1135 45 470 35 556 25 245 20 52 10
410 85 25 20
617 5 928 25 986 30 25 15 558 10 531 10 61 5 664 10
1 35 25 10 83 10 296 5 78 5 280 5
10 5 331 5 606 5 232 10 561 20 159 5 392 5 353 5 555 10 404 30
259 15 285 10 560 20 159 70 392 35 660 20 62 15 20 20 245 10 555 10
175 10 311 5 176 65 25 5 1161 5 626 15 208 5
341 20 25 20
565 20 30 20 17 20 217 20 576 15 146 15
715 20 852 20 564 20 651 20 697 20 1057 20 912 20
163 40 340 10 25 20
609 5 25 55 19 20 675 130 350 15 567 10 386 10 61 5 574 5 462 15 385 5
3 10 5 5 36 10 70 10 51 160 383 140 25 20
20 75 55 5 318 45 569 20 178 15 32 15 25 15 52 10 61 5
1076 5 185 5 97 5 226 45 61 15 570 15 52 10 25 10 101 5 685 5 70 5
891 25 25 5 571 5
37 80 1 65 1009 40 25 35 88 35 161 25 116 20 593 115 3 15 280 15 83 15 115 10 572 10 172 5
660 35 171 5 446 5 18 10
609 185 567 5 219 25 784 5 694 5 510 20 608 45 602 15 25 20
1 35 627 15 83 5 25 5
152 20 262 85 576 80 357 60 312 55 370 35 1057 20 577 20 697 20 517 100 832 15 564 15 147 15 146 15 912 10 1114 10 477 10 651 5 1142 5 277 5 213 5 489 5 476 35
217 20 103 20 576 20
705 10 579 40 25 25 286 5 706 5 56 5 108 15
578 40 25 20
506 25 22 30 445 20 25 90 23 30 122 215 580 125 686 15 537 15 158 15 445 10 413 10 61 5 317 5
679 5 360 10 954 45 581 40 42 30 360 25 52 25 15 25 798 140 25 100 61 15 148 15
259 20 99 5 392 25 903 5 410 10 41 5 109 20 108 5 20 5 275 5 676 10 359 10 328 10 1090 5 112 5 421 5
20 400 425 35 275 20 464 25 25 20
468 15 189 20 25 20
1 30 280 30 9 25 25 20 88 10 524 5
25 65 768 35 44 20 15 10 52 10 586 5
377 5 403 25 52 10 61 5 587 5 402 5
1 495 88 35 588 20 61 140 15 130 83 5
316 45 123 25 183 25 120 10 219 10 80 30 438 55 290 30 476 5
360 5 591 25 25 5
590 25 41 50 25 20
1134 5 629 5 45 5 58 120 304 5 25 20
243 130 572 115 14 15 132 145 2 55 485 10 938 15 172 10 115 30 337 45 126 5 37 1995 378 35 340 140 281 15 724 45 861 115 25 20
649 40 25 25 777 10 594 5 401 5 528 5
874 5 350 40 25 20 729 125 52 15 595 15 15 5 101 5 269 5 61 5
40 25 392 5
922 5 617 20 159 15 40 5 392 5 22 5 536 5 37 5 363 5 724 10 480 10 383 10 463 5 18 10 146 20
685 10 1176 20 25 20
297 10 151 20 26 35 25 20
690 55 25 20
355 20 25 20
101 95 755 80 246 70 602 375 61 130 516 15 574 15 335 15 3 15 26 10 25 10 20 10 47 10 1074 10 52 10 44 10 520 10 609 10 36 10 454 10 219 10 248 5 37 5 143 5 86 5 389 35
660 10 150 15 704 20 59 20 204 15 391 5
1110 20 421 45 25 20
152 30 605 15 422 10 101 10 52 10 530 5
40 85 606 40 529 35 101 25 52 15 440 10 51 10 159 5 560 5 422 5 210 5
251 325 129 5 92 5 373 15 282 20 25 20
1 55 574 45 181 30 25 25 785 20 311 20 36 20 88 10 675 10 44 5 609 5 268 5
25 40 574 185 350 15 61 10 609 10 219 5 567 5 219 30 784 5 385 10 694 5 510 10 608 5 493 20 602 10
660 15 311 15 37 10 272 5
1 35 755 15 83 10 905 10 90 5 25 5
143 45 688 70 25 20
243 25 221 10 2 5 485 370 938 10 3 5 37 30 25 20
25 30 615 20 101 15 52 10 61 5 447 5 614 5
614 20 25 20
143 10 12 20 251 20 138 5 444 85 25 10
453 75 88 60 659 60 638 60 617 60 730 40 744 35 928 30 61 30 150 30 701 290 379 25 597 20 1 175 644 125 531 100 25 15 63 10 83 10 233 5 991 5 558 5 388 5 874 5 422 5
174 60 311 55 1 35 975 35 268 20 181 20 25 15 36 5 88 5 173 5
619 15 967 10 52 10 245 10 244 5 555 5 1135 5
366 5 621 35 1073 20 25 10 959 5
620 35 25 20
1 410 61 365 1033 25 88 20 25 15 252 5 296 5 26 5
1 40 88 10 231 10
214 30 865 90 624 5
529 50 40 40 131 15 625 10 52 10 101 10 225 5
211 20 494 10 516 15 626 35 482 250 242 25 25 130 516 15 176 15 562 15 189 10 61 5 372 5
270 10 628 45 25 40 235 30 52 15 627 10 762 5 291 5 269 5 422 5 15 5 575 15
269 10 627 45 25 20
1 35 58 5 592 5 88 5 25 5
523 5 159 20 40 10
6 5 25 20
960 20 396 10 541 15 25 20
211 30 494 20 516 160 306 10 25 20
997 70 25 20 634 15 52 10 61 5
1 30 88 10 401 5 179 5 25 5 143 5
351 20 25 20
665 535 44 50 25 20
617 60 928 75 25 20
337 5 639 80 979 435 640 30 337 30 161 20 25 135 181 15 237 15 669 15 3 15 857 10 128 10 36 5 117 5 238 5 101 5 52 5 3 10
337 275 639 30 3 5 25 20
1 40 985 25 275 25 88 20 90 15 25 5
242 5 20 5
40 20 529 20 52 10 422 10
617 125 644 55 730 200 25 10 150 5 388 10
41 110 25 20
808 10 52 10
22 5 485 5 172 5 484 45 25 15 52 10 194 5 369 5 343 5
1055 55 648 10 52 10 25 5 61 5 326 5
594 40 777 5 760 5 25 20
843 20 25 20
191 15 1137 20 217 20 883 20 30 20 565 20 17 20 264 20 576 5 476 30
25 75 261 65 52 20 19 10 652 10 15 10 97 5 61 5 260 40 297 5
658 65 25 20
89 35 25 20
536 60 1104 325 25 25 536 20 52 10 15 10 158 10 655 5
554 30 1181 20 656 15 52 10 144 5 25 5 61 5 101 5
462 145 249 5 510 15 493 15 25 20
653 65 25 60 97 20 19 15 658 10 52 10 61 5
617 60 61 25
1141 5 882 95 1050 85 101 75 1072 65 660 60 1008 60 881 55 117 45 573 35 731 35 924 30 682 30 42 25 905 20 25 20 561 20 716 20 69 20 233 15 708 15 1146 15 610 15 40 15 826 15 422 15 914 15 839 15 755 10 52 10 764 10 603 10 411 10 748 5 15 5 376 5 840 5 1025 5 171 45
451 40 25 10 350 10 343 15
1 35 25 15 369 5 83 5
219 225 462 5 784 5 694 10 510 45 493 80 25 20
1 40 25 10 88 10 558 10
166 90 486 65 188 60 637 535 25 50 1 260 69 20 79 20 90 130 61 125 88 15 44 10 284 10
97 5 1059 100 25 15 61 10 666 10 52 10 19 5
78 15 26 35 520 135 167 10 432 5 25 20
203 5 743 100 668 15 25 5 350 5
337 20 857 30 25 20 52 10 669 10 61 5 639 15 3 5 70 5
44 100 162 35 70 15 25 20
779 5 287 10 338 65 288 15 25 20
84 20 25 15 745 10 672 10 253 5 315 5
97 20 25 10 52 10 158 10 372 10 64 10 673 5 209 5
62 5 1029 35 1073 20 25 15 805 5
567 130 386 5 219 25 462 5 385 60 510 10 608 10 25 20
1 65 286 305 109 35 799 25 25 20 88 15 676 15 582 10 1145 10 280 10 372 5 1034 5 61 5 56 5 421 5
814 5 733 35 1073 20 25 15 678 5
814 80 677 5 25 20
148 50 679 20 25 10 52 10 798 5 581 5 61 5
751 20 25 10
20 65 275 115 94 25
660 30 150 30 391 10
1 35 161 15 25 15 257 15 3 5 88 5 15 5
925 25 25 15 61 5 685 5 694 5
219 5 684 5 982 25 25 20 598 10 61 5 685 5 570 5 1176 5
234 20 503 15 317 20 445 15 580 15 186 5 145 20
978 80 687 40 52 10 61 5
143 20 612 70 25 30 61 15 52 10 11 10 688 5
107 20 204 5 391 5
600 55 789 25 25 20 690 15 61 10 497 5 691 5 295 5
690 5 539 20 25 20
750 45 1 30 101 20 88 10 422 5 25 5
424 20 62 10 20 5 25 20
1 45 982 10 88 10 663 10 219 10 609 5 574 5 684 5 25 5
377 10 909 5 97 5 1068 55 25 35 52 10 695 10 61 5
717 10 503 5 935 20 25 20
30 20 217 20 565 20 17 20 576 20
520 20 399 45 25 20
22 5 57 55 70 20 25 20
864 20 25 20
617 290 991 20 25 20
523 20 55 5 275 35 94 270 981 5 1006 5 25 20
123 10 168 15 342 5 126 310 25 20
603 20 59 20 204 50 25 20
1 40 108 15 706 10 578 10 61 5 372 5
705 10 578 5 108 90 25 20
395 85 402 15 25 20
660 15 716 20 709 20
171 5 1050 20 826 20 708 20
1 45 83 10 536 5 25 5 280 5
446 40 88 35 1 35 25 5 233 5 144 5 101 5 83 5 422 5 109 5
259 65 958 20 25 20
136 20 45 100 346 10 391 25 25 20
529 75 40 50 52 10
565 20 217 20 146 5 476 5
660 20 171 5 708 20
537 85 1 70 83 25 280 25 25 25 970 15 1045 15 696 10 717 10 443 10 88 10 1052 5 158 5 413 5
434 5 1108 20
720 25 25 5
719 25 25 20
1 40 88 10 388 10 25 5
1 35 83 15 88 10 25 10 278 5 78 5 280 5
392 25
965 55 593 45 502 125 724 15 37 10 597 10
37 50 378 135 25 20
727 20 204 5
726 20 25 20
8 45 25 20
874 30 595 125 25 20
617 40 644 200 25 20
117 20 660 35 143 5 85 10 210 15 5 5 170 5 36 10 311 80 37 15 378 10
243 10 485 5 340 110 100 180 481 35 25 20
677 35 25 20
735 45 849 25 734 10 25 5
734 45 25 20
152 10 736 30 1010 30 737 20 25 15 1161 5
736 20
739 20
738 20 25 20
794 55 25 20
1180 70 1 30 61 30 1130 20 88 5 1179 5 25 5
957 20 293 20 446 30
668 100 25 20
617 35 379 20 25 20
84 45 535 60 416 5 672 10 253 25 315 25 25 20
20 80 425 80 25 20
503 20 25 20
660 5 749 20
748 20 25 20
692 45 1039 290 459 25 1009 150 25 15 750 15 907 25 1036 10
680 20 25 20
992 35 397 5 25 20
754 30
753 30 25 20
392 5 152 5 660 10 905 20 611 15 602 80 389 5
60 10 757 60 25 25 60 20 756 5
170 10 60 10 756 60 25 20
1138 10 759 435 25 10
1138 40 758 435 25 20
1 40 88 15 25 10 649 5 761 5 143 5
528 20 760 5
270 30 269 10 70 10 627 5 25 20
1041 20 763 5 25 5
660 10 101 20 52 10
66 15 790 20 25 20
152 90 353 30 17 20 103 20 217 20 30 20 146 80 476 10
295 40 1069 5 25 20
586 35 25 20
1 70 25 40 321 20 161 20 3 20 5 20 1035 20 88 5 50 5 44 5 815 5 86 5
335 55 944 5 25 20
353 10 25 20 772 100 365 10
771 100 25 20
1 20 422 5
78 10 26 65 167 115 399 15 796 10 25 20
1 35 25 10 83 10 188 5 78 5 90 5 280 5
460 15 508 20 25 10 97 5
594 10 994 40 25 15 11 10 649 5
130 20 485 20 172 20 337 20 143 20 135 20 12 20 3 20 445 20 231 20 251 20 129 20 36 20 37 20 192 20 516 20 20 165 275 10
1 50 25 10 372 5 288 5 88 5 671 5 287 5
159 30 1098 20 40 20
1 30 88 10 181 10 25 5 36 5
1 35 88 5 219 5 25 5
438 100 25 20
1 35 25 15 663 5 609 5 88 5 574 5
386 65 219 10 462 5 249 5 385 50 510 30 608 20 493 15 25 20
872 35 25 20
899 20 25 20
1183 20 62 20 20 20 25 20
690 25 1084 20 789 10 25 5
66 5 765 20
197 40 198 50 25 20
1 40 280 10 25 10 88 10 83 10 524 5
888 210 1042 10 25 20
740 55 794 15 995 10 25 10 52 10 61 5 136 5 287 5
374 35 237 5 71 5 389 10 25 20
88 75 1 45 296 35 83 30 25 20 26 20 167 10 774 10 144 5 61 5
141 90 142 270 325 85 25 20
679 5 360 15 581 140 25 20
1034 20 303 15 676 25 25 20
88 65 70 40 1 35 280 15 801 5 144 5 83 5
800 5 70 5
197 35 474 25 25 20
1169 20 26 5 94 10 25 20
149 475 25 20
62 110 674 5 25 20
1 25 280 10 88 10 83 10
513 5 512 65 25 20
646 10 808 15 52 10 809 5
808 5
335 10 944 40 25 20
1 20 88 20 280 10 83 10
1 60 97 35 812 30 25 30 261 25 88 20 19 125 61 15 260 10 258 10
141 15 940 25 25 20
678 80 25 65 496 20 61 15 52 10 677 5 81 5 1077 5 15 5 814 5 70 5
769 5 265 20 437 10 1035 50 25 50 1112 10 1051 5 61 5
931 5 850 5 817 20
931 5 850 5 816 20 25 20
1109 20 819 20 288 60
818 20
47 25 48 40 820 20 25 10 998 10 1025 5 61 5
347 35 25 10 821 5 15 5 52 5
5 30 505 50 25 15 52 10 822 10 61 5 50 5
515 20 366 40 25 20
20 45 275 5 25 35 1149 135 824 10 42 5 52 5 15 5
888 20 1042 30 25 20
660 15 1008 20 709 20
827 45 52 10 828 10 136 20 58 20 391 35
827 10 25 20
830 20 829 5 25 5
289 30 5 30 829 20 25 20
88 25 1 20 83 15 456 10 19 5
912 20 213 20 833 20 576 15 146 5 476 20
832 20 463 25
152 5 17 20 217 20 30 20 103 20 146 60
836 20 25 5 872 5
835 20 872 5 25 20
1 20 88 10
838 105 52 10 422 10
660 15 840 20 204 5
660 5 839 20 25 20
111 10 254 40 76 10 25 20
542 20 541 5 25 20
650 20 52 10 61 5 843 5
217 20 30 20 17 20 103 20 476 5
61 45 88 30 1 115 64 15
299 60 300 5 25 20
114 40 25 20
377 95 929 5 292 70 853 60 1086 5 25 20
734 25 849 20 52 10
931 35 144 10 25 10 817 5 816 5
234 5 374 5 879 20 145 5
565 20 17 20 217 20 30 20 353 5 146 5 476 5
334 75 848 60 25 15 52 10 61 5
529 50 40 30 52 10 101 5
1083 45 25 5 52 5 15 5
43 5 10 5 232 5 72 5 143 10 85 10 36 20 70 5 139 25 80 5 182 20 373 25
337 10 669 30 639 10 70 10 25 20
93 15 25 20
1079 5 1095 5 24 40 25 30 860 10
1079 30 1095 25 859 10 25 20
502 85 965 50 593 115 37 10 236 5 861 5
862 40 144 5
96 80 266 10 86 5 25 20
700 20
214 25 624 90 104 20 25 20
1 35 45 10 88 5
529 35 40 30 52 10 867 5 159 5 238 5
120 120 366 10 25 20
123 10 183 10
322 10 1022 5 225 5 871 50 61 15 25 15 52 10 131 5 870 5
12 30 225 15 870 50 25 20
835 5 786 35 25 15 836 5
45 25 25 20
877 5 1 70 729 30 874 25 88 20 52 10 61 10 101 5 595 5 64 5 617 5 234 5
434 85 435 20 25 20
307 20 3 25 308 50 25 20
1 45 88 20 877 15 61 5 874 5
61 85 88 30 25 30 1 150 1012 100 104 15 105 15 336 15 333 10 131 10 12 10 97 5 225 5
234 5 374 5 270 5 851 20 269 15 145 5 25 20
287 55 338 5 288 15 25 20
660 55 882 20 881 5
101 20 660 95 881 20
1114 20 651 20 298 20
356 5 1163 20
26 15 27 80 25 20
377 5 228 5 349 65 395 5 70 5 358 5 402 5 18 10 25 20
88 50 1 45 887 15 61 10 452 10 235 10
25 80 793 210 52 25 15 25 825 20 181 10 278 10 888 10 161 10 54 10 36 5 1042 5 3 5 1046 15
192 50 34 180 373 10 95 100 25 20
1 50 161 15 88 15 36 10 181 10 3 10 25 10 5 5 311 5
571 25 25 20
248 10 324 50 97 5 25 20
1162 20 1154 20 1184 20 1187 20 907 20 463 20
529 60 40 40 52 10 101 10
548 20
897 20 70 5
896 20 25 20
88 20 1 170 61 125 902 10
40 5 787 20
159 5 376 20
43 5 993 20 25 20
898 10
1 30 88 10 582 5 25 5
1064 60 904 5 25 5
660 20 755 20 611 10 389 20 25 20
93 15 25 20
943 25 750 25 907 20 893 20 919 5 939 5 1036 35
165 605 25 20
422 15 909 15 101 15 69 15 1068 15 52 10 1173 10 25 10 61 10 695 5 447 5
1 50 88 10 201 10 136 10 487 10
242 15
832 20 212 25 103 20 565 20 576 10
373 135 25 20
660 15 915 20
914 20
984 20 25 20
276 95 275 5 94 65 25 20
1074 20 62 30 20 15 25 20
907 5
335 5 1037 20 52 10 920 10 61 5
3 40 439 115 518 15 25 20
597 5 922 5
159 5 245 30
660 30 1178 20 25 20
684 25 25 20
319 115 25 20
371 65 172 335 115 10 25 20
617 30 638 75 558 25 388 25 928 5
1028 25 25 15 848 5
531 20 473 90 25 10 150 5 930 5
850 35 931 30 144 20 52 10 816 5 817 5
138 165 272 20 306 140 25 20
348 40 313 20
549 20
696 20 531 5
937 20 70 5
936 20 70 10 25 20
243 5 2 10 485 35 161 45 938 35 33 210 3 20 25 100 593 15 37 15 485 15 61 10 613 10 337 5 3 10 37 50
939 45 52 10 907 5
141 5 525 5 813 25 1004 5
113 15 63 10 52 10 941 10
422 20
907 25
335 15 810 40 944 20 25 15 1037 15 770 5
43 15 227 20 269 5 20 70 25 20
476 5
136 15 25 20
949 20 495 15
168 5 948 20 495 5 25 20
1094 40 313 20 25 20
1164 30 25 20
382 5 488 20
1121 20 25 20
360 195 581 45 25 20
37 5
1 30 88 10 3 10
742 20 446 25
259 30 712 20
366 50 620 5 25 20
632 20 396 10 541 10 239 5
1 40 1075 20 88 10 452 5 25 5 83 5 269 5
1 35 68 20 25 5 83 5
1186 20 313 5
124 25 964 5 25 5 61 5
37 40 1007 135 724 55 861 50 25 20
1168 20 25 20
392 25 619 10
1131 20 25 20
70 10 20 10
717 15 1052 20
1003 35 25 20 280 10 61 5 535 5 971 5 253 5 315 5
1 30 25 10 44 10 88 10 188 5
529 20 101 15 40 10
509 25 25 20
272 5 173 10 74 80 618 35 25 20
977 20
976 20 25 20
687 80 978 65 1058 15 52 10
337 75 639 435 3 10 25 20
1 30 26 15 25 10 296 10 88 10 83 5
94 5 983 35 25 15 702 5
219 15 685 25 694 10 25 20
981 35 25 20
916 20 204 5
20 35 275 150 641 25 25 20
558 30 25 20
418 65 25 20
197 110 302 80 25 20
1 35 88 10 3 5 37 5 83 5
143 5 85 10 194 150 25 20
617 5 701 20
25 35 752 35 496 20 61 15 52 10 992 5 397 5
43 5 901 20 70 15
777 40 25 20
136 210 49 15 794 10 391 10 25 20
356 40 25 20
634 70 25 20
47 50 820 10 25 20
377 10 476 30
254 5 77 35 25 15 1001 5 61 5
1000 5 75 30
297 80 26 20 25 20
971 35 25 20
141 10 525 40 940 5 25 20
529 20 40 10
1 30 15 5 25 5 702 5 83 5
37 30 965 135 52 10 1007 5 502 10
660 60 826 20
551 25 572 40 371 255 750 150 25 20
736 30 25 20
434 5 1100 20
878 100 25 20
1 30 88 15 280 10 25 5
450 35 343 5 25 20
242 35
214 20 215 25 25 20
1017 5 40 50 392 20
1 25
214 95 25 20
1 85 1056 60 61 35 405 25 25 25 88 15 400 5
1069 30 25 20
1 55 13 25 25 15 61 15 225 10 88 10 870 5 280 5 12 5 131 5
325 570 25 20
316 20 123 5 183 5 156 45 438 5 290 10 25 20
392 15 660 5 820 5 210 5 5 5 311 5 37 5 20 5 252 20
199 20 70 10
21 20 62 35 20 5
929 25 25 20
674 35 25 20
1123 45 1030 20 25 10 276 20
529 35 40 25 52 10
381 5 382 40 25 20
622 25 25 20
799 20 303 5 676 5
769 20 265 55 815 50 86 5 25 20
907 35 1039 20 459 10 750 10
335 10 920 20 944 15 25 20
1101 40 97 80 25 20
750 290 1036 20
1 35 1040 215 61 25
763 20 25 20
888 5 825 30 25 25 793 10
289 80 454 10 25 20
555 10
717 15 443 20
1 35 888 15 88 5
26 5 28 20
305 20 391 10 25 20
1080 25 445 10 25 20
660 85 1072 20 709 20
265 75 815 5 96 20 1112 55 25 20
717 5 970 20 445 5 25 20
205 20 25 20
506 255 25 20
142 30 325 10 648 55 25 20
1020 60 25 20
217 20 565 20 576 20
529 20 40 5 978 15
142 5 666 100 25 20
303 80 114 5 25 20
8 5
62 5 1092 20
159 10 40 25 376 20
904 60 25 20
93 15 25 20
1 35 177 15 25 10
1 35 25 15 194 5 83 5
377 15 248 5 909 15 695 55 25 20
295 5 1021 30 1073 20 25 15 767 5
1086 25 25 20
434 5
660 65 1050 20
300 20 1069 20 620 20 677 20 674 20 397 20
918 20 26 5 62 30 20 10 602 10
70 10 255 20 961 20
529 20 40 10 25 5 226 5 570 5
814 5 1159 20
40 10 222 20
1 45 860 30 1095 10 88 10 859 5 25 5
1049 25 25 20 158 5
1082 20 509 5
1081 20 25 20
855 45 25 20
789 20 25 20
184 5 1152 20
1070 25 25 15 848 5
536 470 25 20
154 20
313 10
1 35 286 10 83 5 88 5 61 5 109 5 582 5 25 5 81 5 1090 5
184 105 242 5 70 15 25 20
62 10 1062 20 25 20
384 20
950 40 313 10
1079 10 860 25 25 15 61 5 859 5
1153 210 1096 25 25 10 329 5 360 10
522 20 25 20
780 20
123 45 168 45 495 25 25 20
1011 20
1038 40 97 20 25 20
361 20 25 20
252 20 104 5 513 5 470 5
536 35 655 325 25 20
529 20 101 15 40 10
502 25
118 25 119 20 446 10
1139 20 434 5 718 20
1126 20 818 20 288 5
604 20 421 5
154 20
815 10 96 5 1051 55
468 95 25 20
191 20 217 20 103 20 17 20 883 20 30 20 576 10
373 5
37 5 340 385 481 20 25 20
374 15 237 10 71 15
422 10 52 10 101 10 1118 5
1120 20
1119 20 25 20
953 20 204 5
40 70 529 40 242 15 52 10 101 10
1030 45 25 20
552 10 73 30 25 20
1136 20 421 25 25 20
1109 20 1127 20
1165 20 1126 20
313 5
289 5 454 35 366 5 290 10 25 20
434 15 500 20 741 20 499 15 146 5 25 20
968 20 25 5 1131 5
523 20
224 40 25 20
1 35 58 5 25 5 592 5 88 5
619 5 556 45
1125 20 421 5
477 20 29 20 651 20 298 20
759 40 88 40 1 35 25 15 758 10 350 5 61 5
1108 20 469 20
7 25 52 10 61 5 101 5 1140 5
1 20 660 5
217 20 103 20 576 5
22 25 25 20
37 5 70 10 80 5 313 30
676 10 359 10
660 15 1147 20
1146 20
434 5
20 20 824 135 25 20
184 20 185 90 25 20
551 70
184 10 1085 20 402 75 25 20
1096 210 25 20
893 20
366 75
61 5
1157 30
434 10
1077 20 25 20
313 5
736 5 562 5
893 20
356 5 884 20 25 20
951 30
288 10 1127 20
313 5
550 35 25 20 158 5
445 5 966 20
803 20
1170 5
1171 30
55 15
909 10
469 20
313 15
685 5 598 20
60 130 25 20
924 20
1180 20 741 5
1179 20 741 70 25 20
656 20
52 20
788 20
893 20
548 20
963 20
893 20