1188 5485 1
1 278 25 88 111 521
887 717 442 1138 243 221 316 551 572 812 43 972 187 279 989 1134 629 773 1141 259 285 99 769 265 437 377 811 956 623 472 449 1079 223 196 141 866 327 362 585 792 220 381 197 710 1066 65 123 168 394 806 434 211 494 877 874 617 234 503 371 665 319 468 903 506 1020 878 149 552 165 132 6 898 622 705 1018 800 635 4 72 322 1022 845 307 309 203 22 683 183 2 910 962 118 775 722 559 692 1067 662 779 140 837 455 781 267 890 588 760 281 441 481 492 255 961 402 1013 831 0 241 504 306 271 618 76 1046 741 373 313 499 721 664 432 980 796 95 784 385 694 510 608 782 540 493 91 82 475 290 611 87 253 315 282 110 1040 396 541 676 359 343 304 328 190 1090 711 204 145 433 407 112 501 421 18 391 464 641 239 467 1006 575
1 25 88 593 37 2 61 485 161 83 63 33 938 3 613
243 572 187 989 127 14 769 956 123 211 149 4 307 309 203 22 683 183 2 485 938 115 639 126 140 143 135 25 401 44 188 440 128 61 15 3 921 50 101 52 11 415 876 19 268 439 778 60 486 85 181 161 5 278 258 90 117 144 485 938 639 269 130 291 177 33 38 36 568 260 193 257 979 189 195 369 669 111 640 170 69 194 233 436 613 283 311 5 170 36 37 378 60 100 888 890 432 343 602
1 5 88 25 3 401 11 161 143
769 211 149 4 307 203 143 135 85 3 50 505 320 296 311 85 25 5 209 166 101 822 830 15 78 61 3 97 242 161 11 268 368 51 52 19 439 143 731 1025 79 568 229 42 458 26 284 439 68 194 369 36 890 432
1 88 61 19 395 25 97 7 631
377 6 97 1140 25
728 25 9 1061
327 585 524 410 8 25
101 268 311 40 209 25 529 181 159 52 85 182 856 422 233 73 19 11 36 560
10 232 4 72 309 203 248 143 135 85 400 688 3 5 194 369 36 311 777 306 25
878 322 1022 135 13 336 25 139 871 444 616 778 252 12 131 225 128 15 193 269 130 52 182 61 225 129
72 1022 143 12 225 251 36 311 97 139 373 282 25
529 40 101 593 52 507 37 128 15 161 3
187 331 232 14 234 40 152 660 22 683 299 485 172 115 652 260 44 270 337 297 96 266 86 142 45 655 140 595 360 66 821 143 135 85 400 12 225 3 210 5 445 231 68 366 581 251 129 92 36 311 37 378 60 340 586 349 97 73 888 26 89 814 192 855 70 399 139 80 516 209 20 55 824 94 627 588 281 245 373 95 208 290 383 446 404 476 1006
152 217 17 103 30
477 277 370 29 1114 489 102 834 852 216 564 651 263 697 298 766 844 312 517 16 262
25 88 63 233 19 69 18 228 101 97 188 181 36 1 166 128 44 311 886 349 61 573 90 144 597 395 406 79 507 486 284 422 447 465 539 268
812 10 377 141 197 165 6 72 248 652 260 142 325 526 143 85 225 3 5 445 92 36 311 97 658 666 73 356 567 70 209 358 831 373 95 18 25
55 746 569 945 681 20 583 824 63 372 25 985 275 425 458 788 69 1149 291 561 144 778 538 90 918 52 21 457 1074 15 156 424 969 465 406 1027 582 1025 408 61 189 642 693 81 188 252 283 425 275 602 464
1027 62 20 25
122 88 25 580 61 54 1143 23 64 1 22 15 231 537 3 445 128 158 57 161 597 699 647 408
506 22 445 231 580 25
859 25
717 442 1138 243 221 316 551 572 812 43 972 187 279 1134 629 10 331 232 1076 285 99 769 265 437 377 1079 223 196 141 327 585 792 84 220 381 197 710 1066 65 523 123 168 434 211 494 617 234 40 392 660 503 371 665 319 468 903 506 1020 878 149 552 165 132 6 622 635 4 72 322 1022 307 309 203 22 683 183 2 962 118 775 722 559 692 299 300 679 1080 634 47 758 690 295 1069 789 497 485 938 248 120 1067 662 214 93 104 964 374 237 172 115 750 652 260 44 614 284 71 162 270 1167 337 669 639 297 247 353 771 571 418 820 736 1096 815 96 266 86 929 292 853 1086 289 136 49 142 325 526 525 45 346 524 410 8 184 185 536 655 382 474 302 198 850 177 495 230 342 126 779 140 1101 647 595 719 835 872 57 360 590 151 904 909 545 1095 859 66 578 821 303 114 143 135 85 400 688 454 12 225 870 3 308 210 5 170 668 439 445 231 580 68 822 366 620 78 656 448 513 512 419 156 194 369 581 41 287 338 288 251 129 92 206 533 487 201 36 311 310 594 777 37 378 163 60 756 380 340 100 269 256 586 509 228 349 97 658 570 648 666 695 224 73 395 242 111 138 272 173 74 254 1000 888 1042 335 944 644 388 531 558 930 26 89 427 814 677 520 27 192 34 543 460 562 776 855 356 609 567 386 219 462 249 684 685 363 62 674 31 478 70 971 535 416 829 167 399 139 80 108 734 51 661 450 518 58 516 626 616 98 209 438 763 358 59 20 1131 425 1030 55 276 569 275 824 794 680 94 981 992 397 627 186 455 781 267 890 760 281 441 481 492 255 961 222 402 1013 673 0 241 504 306 271 618 76 741 373 313 721 664 432 980 796 95 784 385 694 510 608 782 493 82 290 611 672 253 315 282 396 541 676 359 383 343 304 1090 711 446 204 145 407 421 18 602 389 391 404 246 476 464 641 239 1006 121 868 892 770 1037 810 600 767 1021 1084 498 693 712 81 879 1010 286 1028 848 334 1070 951 9 557 728 799 875 842 720 836 786 546 860 24 579 1060 847 119 823 959 621 554 409 803 918 408 945 465 788 330 744 701 787 21 32 511 1180 354 950 348 1120 458 901 364 805 106 1029 1092 199 905 1130 632 109 706 735 704 1053 916 107 953 1048 727 840 563 90 691 426 783 924 749 1041 1125 604 583 968 746 1123 538 318 917 985 1149 157 702 983 752 398 846 200 64 443 696 1052 1049 613 33 795 238 927 116 459 636 390 670 1102 549 188 486 601 762 550 640 857 979 35 1035 863 532 1051 321 584 937 332 817 128 415 949 1099 169 53 703 897 317 161 876 440 50 257 743 921 368 505 320 166 181 268 466 593 725 566 965 1177 757 164 1116 732 452 301 77 768 1082 974 278 932 521 174 975 841 793 825 574 925 982 598 675 785 663 657 250 966 519 75 568 7 451 1014 344 384 134 456 537 751 628 491 997 828 365 772 891 995 274 947 713 137 46 880 339 671 202 430 592 873 514 650 740 484 729 699 1087 1104 23 54 122 1009 637 926 1113 747 1054 1056 1012 804 553 908 133 631 1033 739 67 765 347 1019 865 105 858 333 124 1016 261 977 258 754 1002 797 1023 471 527 1004 813 1091 1150 1152 1032 488 802 791 401 179 11 405 612 336 131 871 431 429 807 906 990 195 607 180 273 207 534 649 994 229 886 19 653 226 1055 1059 403 1068 483 1133 1124 707 414 889 996 1163 479 1065 528 13 444 182 148 1153 954 591 1064 798 645 638 730 345 453 986 473 1003 745 417 428 1043 599 1129 1024 296 654 678 1159 733 667 885 544 830 28 774 698 615 387 1038 461 176 508 1083 633 482 759 988 700 1143 913 998 987 48 1097 420 218 575
622 289 5 78 296 774 90 25 26 667 599 69 283 15 27 1002 520 89 885 61 52 44 422 218 428 188 543 291 350 544 167 1074 427 156 151 144 803 297 1047 520 432 980 796 602
26 885 296 25 283 90
1047 25
217 30 17 103 1137 476
477 277 370 29 1114 489 102 834 852 216 564 651 263 697 298 766 844 312 517 16 262
62 106 178 25 32 31
178 31 569 25
243 2 485 938 337 3 37 340 25
192 25 242 34 101 889 414 192 117 35 372 373 95
247 210 311 34 95 25
10 232 472 223 381 197 494 165 72 203 639 143 3 25 128 188 85 61 36 161 11 44 19 143 278 101 5 466 268 486 15 415 117 52 3 310 778 856 181 311 401 507 258 177 97 144 229 38 130 731 13 356 193 568 260 50 139 182 227 436 283 81 458 457 111 269 69 233 90 284 73 42 105 311 37 888 455 781 267 890 241 504 618 373 95 510 608 18 602
243 572 187 989 14 132 2 485 938 172 115 337 126 140 37 25 44 15 938 725 188 236 61 128 101 965 485 613 415 1007 332 71 161 507 778 291 3 36 110 593 390 731 33 63 52 193 144 177 269 130 610 181 1116 340 955 422 1025 597 378 189 117 164 502 283 38 1144 378 340 281 502 724 861 602
332 3 36 37 340
529 40 101 52 189 61
1031 867 894 529 714 10 625 331 606 973 232 127 14 854 1076 1105 1122 643 423 1005 39 1017 422 101 40 15 392 596 1063 222 780 159 530 52 1078 25 630 597 125 42 1058 899 458 152 660
591 530 61 645 41 25 42 422 582
43 331 232 159 40 392 660 360 114 5 581 41 36 311 458 70 824 91 208
1 25 88 408 44 945 188 83 856 323 901 182 457 993 431 42
43 972 187 232 769 377 381 197 123 211 494 665 319 149 165 203 485 248 144 637 188 486 162 101 25 44 670 61 52 356 284 90 69 447 15 71 158 230 140 143 3 78 156 36 37 586 26 219 70 267 504 373 432 95 510 608 18 602 246
866 136 45 46 873 514 58 25 713 52 61 59 137 346 15 592 346 58 391
136 45 25
998 25 820 522 47 48 61 602
47 820 25
136 274 25 49 136 995 52 66 61
769 211 149 307 309 203 143 135 85 3 5 439 68 822 194 369 36 518 432 25
331 606 210 5 439 310 70 25 51 568 61 52 350 383
941 827 1031 867 894 529 714 10 625 331 606 232 127 14 854 1122 643 423 39 1182 646 84 65 523 808 191 874 159 40 392 152 605 660 764 171 687 978 299 679 634 295 485 248 324 214 104 374 237 115 351 652 260 44 614 284 355 71 162 361 337 669 639 297 247 353 418 96 266 86 292 853 289 136 49 142 325 526 45 346 524 1118 536 655 302 931 177 495 342 647 595 57 360 909 66 821 143 135 85 400 688 454 12 225 870 3 210 5 170 439 68 822 366 656 513 194 369 581 287 338 288 251 92 533 36 311 310 37 378 1007 60 236 340 100 269 586 228 349 97 658 570 648 666 695 73 587 395 242 888 920 150 26 814 520 855 62 70 167 399 139 80 108 51 1140 58 98 209 358 843 20 425 55 569 824 794 94 992 627 186 939 502 673 313 619 556 470 208 838 87 849 383 463 446 146 602 389 404 246 476
123 168 230 342 126 25
506 22 445 231 888 25
20 425 55 52 15 538 94 276 25 1172 56 286 422 569 702 94
259 285 99 286 578 55 541 676 359 433
22 699 57 52 25 101 61 70
1134 629 136 45 58 25 827 592 61 59 52 514 45 101 304
136 45 287 288 58 25 514 603 704 59 391
331 3 25 60 161 15 1177 257 757 52 756 170 3 61 756 441
887 442 1138 243 221 316 812 187 279 331 232 39 259 99 265 141 84 197 65 523 168 211 494 877 874 617 659 234 159 392 152 687 503 371 665 319 468 506 1020 878 149 552 165 132 6 898 622 705 72 322 1022 845 203 22 183 2 299 679 634 47 690 295 485 938 248 324 214 93 104 964 374 172 115 351 652 260 44 614 284 355 71 162 361 337 669 353 418 820 815 96 86 292 853 289 136 49 142 325 526 525 45 346 524 410 184 536 382 474 302 177 495 230 342 126 140 595 57 360 909 1095 66 114 143 135 85 688 454 12 225 870 3 308 210 5 170 439 445 231 580 68 822 366 656 513 156 194 369 581 41 287 338 288 251 129 533 487 36 311 310 37 378 60 380 340 100 269 509 228 349 97 658 570 648 666 695 73 587 395 242 111 138 272 173 254 1000 335 920 388 531 558 26 814 520 192 356 609 567 386 219 462 684 685 62 70 971 535 167 399 139 80 108 51 1140 58 516 626 98 209 358 843 20 425 276 569 275 794 94 992 455 267 588 492 402 741 373 313 499 432 796 95 91 290 282 1040 541 676 383 343 328 1090 463 204 145 433 112 421 1156 18 602 246 467
63 31 62 21 1027 918 424 1074 69 496 788 61 25 805 561 1092 693 465 406 52 291 1062 674 475
941 523 617 234 2 37 62 20 275 94 313 499 18
141 874 845 22 413 247 142 325 526 269 97 70 673 25
1 61 52 256 65 25 507 70
136 49 67 66 25 52 61 765 372 15 790 487 201
66 25
962 25 368 52 5 50 15 68 61
316 232 123 660 665 319 149 165 183 44 289 909 3 78 156 36 26 192 62 90 20 82 290 433 18 246
800 143 188 70 128 64 101 458 166 19 291 44 144 372 25 79 270 226 699 186 15 61 182 413 486 670 993 1091 229 280 284 457 422 969 762 568 52 65 1144 857 937 447 349 1075 42 81 507 1026 896 814 51 162 199 886 936 57 323 856 158 97 395 669 801 228 299 570 184 431
44 144 52 71 166 390 1117 188 374 25 79 61 90 795 37 340 246
181 85 1 11 72 401 88 13 25 143 268 97 81 101 61 19 83 36 105 856 139 73
10 552 72 85 36 25 1124 19 61 52 73 323 15
272 173 975 75 25 174
74 1001 25
1 278 111 254 88 841 25 77
173 1000 76 25
319 775 722 559 289 5 90 188 278 296 320 69 166 26 25 111 486 44 167 78 667 774 79 447 284 422
665 149 165 203 374 284 71 5 445 78 166 70 383 18 246
25 80 589 81 218 61 52 420 101 419 15 856 233 422 1144 290 404
316 123 394 72 203 299 270 291 325 143 366 251 36 814 70 80 20 373 1090 146 404 25
1 25 83 280 88 101 252 90 539 69
717 572 43 187 989 285 99 265 437 811 196 141 792 220 710 123 806 434 617 132 800 72 307 183 2 962 775 722 559 1067 662 455 588 441 481 255 961 402 831 373 980 796 95 82 611 253 315 396 359 190 1090 711 501 391 239 1006 575
745 417 672 25 52 416 61 535
10 232 72 309 248 143 135 268 401 11 311 50 5 101 85 25 97 19 52 209 182 15 117 143 73 61 731 195 856 990 194 369 179 181 400 3 5 194 369 36 311 139
769 265 96 266 321 25 863 1035 15 96 52 61 602
1 52 88 87 447 422 144
887 717 442 1138 243 221 316 551 572 812 43 972 187 279 989 1134 629 259 285 99 769 265 437 811 956 623 472 449 1079 223 196 141 866 327 362 585 792 381 197 123 168 806 434 211 494 877 874 617 234 503 371 665 319 468 903 506 1020 878 149 552 165 132 6 898 622 800 635 4 72 322 1022 845 307 309 203 22 683 183 2 910 118 722 692 779 140 837 455 781 267 890 588 760 281 441 481 492 255 961 402 1013 831 0 241 504 306 271 618 76 1046 741 373 313 499 721 664 432 980 796 95 784 385 694 510 608 782 540 493 91 82 290 87 253 315 282 396 676 359 343 304 328 190 1090 711 204 145 433 112 501 421 18 391 464 641 239 467
26 654 25 89 15 296 90
316 123 665 319 149 165 183 775 248 44 71 353 289 342 143 3 78 36 26 89 27 192 219 516 69 20 82 290 611 433 18 246 464 641 25
1 42 88 91 61 458
251 25 273 251 52 15 92 101 93 105 19 97 607 206 373 282
25 61 105 286 858 906 1065 93 214 104 143 225 92 97
523 55 275 55 917 94 63 25 702 681 538 275 422 276 803 52 15 981 61 447
1 88 95 311 25 181 36 280 403 889 83 414 268 44 35 34 97 19 61 188 192 15
265 863 25 1051 86 96 321 532 61 1112 52 266 15 266 86
812 232 377 141 381 197 878 6 72 248 652 260 142 198 1101 143 85 225 5 92 36 311 1038 97 461 19 508 13 25 226 61 52 15 101 98 134 695 144 666 142 93 64 105 7 892 570 158 658 138 460 776 356 70 209 673 95 407 18
97 386 98 134 52 233 61 25 101 209 208
1 286 83 56 61 25 109 372 582 88 252
380 340 25 100 732 3 61 101 52 164 481 492
243 221 894 10 625 331 606 973 232 127 14 854 1105 1122 423 39 882 222 197 523 123 394 874 159 40 392 152 605 660 764 171 371 132 72 203 183 692 324 44 614 270 639 418 136 1118 595 57 360 909 143 85 225 3 210 5 656 369 92 36 311 37 378 100 97 570 224 272 150 520 34 70 80 1140 58 98 275 186 241 504 313 82 208 282 383 711 446 18 146 602 389 391 404 246
17 217 30 103
477 277 370 29 367 1114 489 102 834 357 577 212 216 263 912 298 766 147 844 312 517 16 1142 262
878 248 93 104 429 25 865 105 333 52 478 61 512 1103 143
878 72 322 93 104 143 225 92 36 311 97 139 25
31 25
689 391 25
705 706 25 108 109 61 578 52 582
259 99 410 582 108 676 359 328 1090 711 112 501 421 25
37 1
449 494 3 78 36 278 173 111 521 61 174 25 272 841 138 229 158 138 272 0 241 504 306 271 76
61 1 109 113 88 582 422 372
941 112
847 25 1060 114 42 61 303
551 572 371 172 25 115 593 116 61 927 15 52 161 3 37
551 572 371 172 115 25
731 660 171 639 143 85 3 36 311 37 272 34
1 1107 119 88 25
118 1107 446 25
248 25 121 868 589 366
316 248 120 143 366 25
506 22 445 580 25
25 53 1099 188 156 88 589 436 1 90 83 379 169 44 869 530 703 69 101 235 1024 3 161 123 438 230 81 495
964 25
159 40 376
168 342 126 703 189 161 25 53 37 3 342 593 61
101 40 128 332 529 161 3 507 52 127 189
127 14 223 197 309 203 22 639 507 177 143 135 12 3 445 231 251 36 37 378 70 373 18 25
251 207 129 336 15 273 206 25 778 131 180 225 193 130 431 251 61 607 269 12
778 485 172 337 143 135 12 3 445 231 251 129 36 37 192 516
625 878 322 1022 135 12 225 870 129 25
37 25 133 1 88 61 593 238 101 422 83 237
132 25
97 386 98 209 25
143 405 401 400 85 25 179 143 778 3 128 15 11 135 52 336 12 5 161 130 193 61 131 225 283 50
910 136 274 514 61 137 25 995 827 713 66 947 59 58 46 52 49 45 101 49 794
136 45 346 25
111 25 932 111 138 61 431 444 97 139 616 278 306
72 143 12 251 36 138 139 61 13 856 25 52 431 85 105 182 323 15 306 282
88 140 1 61 25 44 15 280 422 3 37
797 25 141 64 142 83 280 61 326 88 1 471 813 372 1004 97 940 413 525 19
141 61 1055 413 797 52 471 372 25 19 142 64 408 326 403 15 457 97 189 1059 325 447 325 526 97 407
232 635 4 72 309 203 85 25 188 612 128 311 139 11 268 135 44 15 179 333 415 143 181 97 13 50 252 19 61 778 688 401 161 105 36 117 177 486 52 195 444 856 193 616 81 93 121 130 269 144 101 248 70 731 422 90 990 369 5 194 3 227 436 104 233 283 135 85 5 36 311 760 306 602
377 327 434 862 159 392 800 497 248 44 71 353 292 410 931 850 143 3 656 36 37 97 26 70 20 186 796 87 463 711 446 433 18
88 61 150 686 1 413 145 452 235 879 25 269 851
576 262 766 834 312 477 370 146 597 517 564 52 367 81 101 1130 715 852 832 291 147 447 476
103 217 576 146 476
679 581 25
161 25 804 1 50 5 3 61 486 90 88 79 166 188 44 69 284 229
617 234 644 930 682 150 603 52 101 145
599 25 151 26
766 152 517 262 477 576 159 16 312 40 101 216 153 736 545 52 834 755 61 392 15 605
152
1111 155 1088
154
316 123 183 156 1024 25 44 69 188 61 26 20 290
240 25
717 22 537 1080 44 1167 655 580 97 111 70 673
867 529 10 331 606 232 423 376 561 101 144 780 159 422 630 42 222 597 1063 125 52 923 61 375 160 560 900 40 392 152
159 376
243 572 127 14 769 123 211 149 4 307 309 203 22 683 2 485 938 115 639 126 143 135 3 5 170 36 37 378 60 340 888 518 890 481 432 343 25
44 670 25 162 52 61 70
566 25 380 163 164
37 163 380 340 100 481 492 25
25 908 36 311 268 1 486 61 88 90 79 166 181 188 44 252 69 284 19
665 149 165 374 71 5 78 79 70 383 18 246 25
78 26 774 167 667 61 52 25 399 796
25 1 1099 88 168 126 230 169 61 495 703 53 949
123 168 230 342 25
3 25 3 257 170 52 757 161 61 731 60
660 252 52 171 709 101 447 573 716 117
551 572 371 172 927 238 25 15 778 269 116 593 193 130 115 237 37 61 647
111 272 25 77 174 74 975 61 278 618
111 272 173 74 618 25
235 176 175 562 350 208
175 562 626 25
1066 25 128 415 177 52 507 61 143 3 36 37
32 31 569
635 143 135 85 400 25
251 129 206 25
10 232 223 381 197 494 165 72 203 639 143 85 3 36 311 37 888 455 781 267 890 241 504 618 373 95 510 608 18 25
43 10 232 85 12 36 70 139 856 373 25
88 61 589 436 90 156 1 379 83 25 3 869 530 69 101 235 233 1024 438
220 25 1150 1091 185 61 1152 184 1085 350 349 242 70 402
184 1150 25 570
70 25 317 372 52 101 186 144 686
187 15 44 88 25 188 1 83 37 61 3
43 972 187 377 381 197 123 211 494 665 319 149 165 203 775 485 44 284 71 342 143 3 445 78 156 36 37 26 219 70 20 95 18 246 25
127 39 494 468 584 142 126 3 37 626 20 504
1 88 190 83
1114 651 52 263 191
192 25 889 414 778 130 229 15 193 34 311 269 90 228 61 69 268 34 373 95
485 172 337 143 135 12 3 445 231 251 129 36 37 192 516
1067 143 85 3 25 61 194 50 990 11 52 85 195 369 5 647
143 85 3 194 369 25
1 88 83 325 25
302 198 181 25 36 128 791 197 802 44 61 88 311 474 1 988 507 19 188 268 227 97 101
197 474 791 198 97 25
1026 70 25
300 25
910 487 430 25 201 202 66 487
487 201 25
1 181 5 88 11 25 50 268 161 401 203 143 3 44 188 36 61 128 668 101 79 81 507 235
704 1 603 61 204 726 1121 839 984 341 205 305 25 689 88
1053 204
129 25 273 92 207 180
129 206 25
350 15 235 208 175 52 101 42 209 98 422 562
10 331 232 85 5 311 209 25 98 52 19 456 134 61 15 97 233 673 208
606 308 210 25 101 440 731 51 35 422 61 52 1025 15
161 1 25 50 633 3 5 626 88 482 516 188 211 44 61
912 217 213 103 476
832 293 212 353 576
1019 25 624 865 1016 61 52 215 214 93
214 1016
152 30 103 17 217
477 277 370 715 29 367 1114 489 102 834 357 852 577 212 216 564 651 263 697 1057 298 766 147 844 312 517 16 1142 262
394 419 26 80 290 404 476 25
609 25 609 462 663 675 574 219 982 350 90 249 785 44 589 685 436 61 188 694 782 540 602
1 83 184 25
372 1 88 485 221 613 269 101 25 61
101 159 40 1078 25
1 36 88 25 181 128
1133 101 25
625 878 322 1022 135 12 225 13 52 131 25 15 97 871 12 336 19 93 61 101 870 105 129
1076 97 570 70 25
197 143 36 945
229 25 228 349 61 52 332 886 349 242 192 70 358 18
377 149 5 36 311 228 349 111 192 70 516 358 25
123 168 25 169 342 53 495 230 61 44 342
623 506 22 445 54 269 25 778 23 231 193 452 128 15 130 61
40 181 209 159 232 268 401 85 101 242 529 11 97 52 44 61 560 182 311 143 422 458 69 233 42 856 36 25 15
10 331 232 394 617 234 660 183 143 3 36 80 98 209 711 18
88 150 61 686 1 234 452 413 63 379 235 422 269 879 15 851 874 25 233
887 265 123 234 203 183 175 627 208 463 145 404
37 52 236 281 861
371 132 238 25 52 1117 237 374 795 172 639
867 371 132 237 172 639 25
1 25 83 88 240 960 542
157 239
521 311 1 278 25 268 36 111 88 101 181
331 232 1122 423 5 311 1015 242 911 61 52 25 1091 184 642 228 422 272 34 626 271
25 613 88 61 593 161 243 1 485 33 37 280 732 3 938 101
619 245
923 561 15 619 244 555 556 470
602 389 69 166 79 25 44 486 284 101 246 90 188 61 476 52 390 71 283 476
35 25 52 247 64
316 25 248 19 97 11 121 401 61 120 333 350 90 52 892 324 144 44 1068 85 104 143 366 602
386 219 462 250 25 249 386 785 657 510 493
249 493 25
13 534 607 25 92 128 444 616 139 252 778 273 251 533 193 15 323 129 61 130 269 180 52 81 129 92 373 282
99 392 171 552 165 622 1103 143 12 251 20 82 1025 476
1 745 25 83 672 88 535 971
841 25 530 61 254 1000 76
301 1 1075 83 256 88 25
65 269 301 25 452 255
683 3 170 60 25
812 260 3 36 25
1 712 286 259 61 958 88 109 582 56 561
812 652 260 52 261 97 15 258 25 19 61 3 36
812 652 260 297 25
152 17 217 30 103 576 146 476
191 30 103 264 217 17
370 651 263
1051 1035 1 25 321 815 266 265 532 88 235 96 280 83 86 61
265 96 532 25 96 266 863 15 321 52 86
268 1 36 88 311 25 181 61 267 44
10 232 381 197 494 165 72 203 143 85 3 5 369 36 311 310 192 267 241 504 618 373 95 510 608 18 25
221 234 485 172 337 595 143 12 3 445 231 251 129 36 37 269 25 350 64 256 452 457 413 408 879 762 52 628 61 945 270 301 192 516 627 961 145
25 762 270 627 81 879 15 101 269 70
1 242 521 111 25 278 272 88
111 272 242 521 932 111 25 278 117 61 173 975 74 174 101 610 504 306 271
251 129 92 206 533 373 282 25
136 49 25
20 20 702 583 985 275 681 25 63 94 778 350 538 101 61 276 917 582 824 94 641
55 917 25 276 1030 538 61 275 94
30 103 17 217 353 576
722 3 445 78 36 111 138 272 173 888 0 241 306 271 76 25
1 61 88 280 25
717 442 243 572 279 265 377 811 141 327 362 585 792 710 806 434 800 322 1022 775 722 559 140 70 971 1013 373 432 95 82 541 676 359 343 421 467
1 37 15 593 236 88 25
139 273 25 607 13 1 251 92 88 61 282 431 283 101
292 143 135 3 36 37 511 26 27 20 282 246
665 149 165 44 486 25 284 79 52 188 61 5 78 36 70 18 246
1 286 56 88 25 561 83 393
259 285 99 93 56 578 55 541 676 359 1090 25
779 880 25 287 61 424 59 514 338 52 671 545 288 288 794
779 287 338 818 25 339 59 671 287 880 1165 52 1109 61 288 514 391
25 1043 289 830 296 320 78 90 69 52 447 61 422 1129 26 454
1 156 589 90 291 69 88 25 454 15 61 1024 1129 290 218 438 80
316 377 394 485 81 3 366 37 26 62 70 20 627 373 290 146 404
377 848 292 52 25 144 61 283
742 294 213 446
293
767 25 496 61 52 1069 690 295
622 559 297 289 5 78 26 89 27 432 980 796 25
1002 25 296 599 15 261 52 652 26
217 1137 17 883 103 30 476
846 25 496 61 52 299 81 300 15 70
299 200 1073 25 846
269 256 255 25
197 988 52 302 25 61
1060 799 25 1034 114
1 58 592 25 88
1048 204
1 138 482 521 11 88 401 272 306 111 278 25 932 516 143 633 139
1 50 83 161 25 3 876 440 5 308 88 307
307 876 25 210 308 61
1 85 161 25 50 88 11 3 128 401 143
36 311 25 310 51 268 466 52 61 311 372
10 232 381 197 494 165 325 143 85 3 5 369 36 731 52 25 209 117 311 97 36 101 85 61 242 15 181 268 610 11 19 401 310 356 42 13 458 1025 143 332 105 562 229 35 310 192 267 890 241 504 618 373 95 510 608 18
152 30 17 217 103 576 146
1 63 354 313 1144 25 61 101 500 950 314 933 1175 348 1089 1094 52 372 88 1128 1166 1160 963
354 313
1 745 25 83 417 971 672 535 416 88
1 156 90 589 88 121 248 291 25 81 1024 438 69 61 316
503 686 445 580 186 25
569 25
1 90 25 319 61 926 88 320 78 69 188 44
319 289 5 78 25
769 265 96 266 86 25
225 131 1 88 25 12 870 336 280 322 61 105
43 552 431 251 73 70 139
248 892 52 324 101 61
196 142 797 25 1023 81 325 142 326 526 1055 52 19 527 61 471 64 413 311
141 142 325 471 526 648
1 280 88 524 9 144 25
1 109 88 582 328 61
1096 330
329 25
529 159 209 331 40 101 242 52 51 61 15 233 25 60 458 42 422 560
127 38 311 37 228 25
878 248 104 143 25
853 25
770 25 944 1037 61 335 810 920 602
878 322 135 12 225 129 25
979 593 15 640 25 37 485 778 669 337 61 52 130 33 193 350 857 269 938 639 639
287 671 25 288 338 52 880 339 61
338 288 25
37 37 164 340 1116 380 100 422 33 25 593 732 52 61 71 161 566 390 15 38 481
563 204
230 53 25 486 90 230 61 52 188 342 169 126 703 126
1 61 25 661 88 451 343 344 647 280 518 161 3 450 1014
518 343 25
388 25
45 137 346 45 25 52 713 61
821 25
933 313 25
377 228 886 25 228 349 52 184 350 61 229 15 395 70 402 18
1138 248 175 355 337 184 595 360 668 269 349 26 609 567 219 462 51 661 275 208
551 636 352 52 351 61
551 351
365 766 277 353 25 61 52 771 90 852 213 560 144
314 313 25
601 52 61 350
44 36 311 996 25 61 356 1163 884 97 19
103 217 576
25 387 358 61 52 228 886 229 19
1 109 83 88 582 25 1145 56 280 286
360 25 61 954 15 52 798 42 458 581 1096 350 101 590 581
1102 52 361 61
1 280 88
363 364 422 25 447 597
363 25
353 771 25
1155 959 366 823 61 496 121 25 15 248 52 868 515 454 81 291 620 1129 120
103 217 146
5 68 25
662 143 85 3 194 369 11 50 195 61 311 25 268 5 85 52 101 647
30 103 264 217 17 576 146 476
927 1009 88 1 116 61 238 25 115 101 237 172 422
221 99 141 392 705 142 779 66 310 34 70 626 20 186 673 313 676 112 421
25 182 1 181 273 414 88 856 373 36 913 61 15 607 13 311 34 192 19 83 280 251 889 92 128 268 1115 81 291 44
795 25 52 79 1117 374 879 851 166 61 237 71 389
159 376
159 392 660 900 160 1063 125 375
848 1 19 25 403 280 188 292 1068 395 999 291 695 349 7 97 229 424 144 886 44 587
37 378 593 101 52 3 725 25 37 731 161 15 507 61 128
123 617 234 183 744
163 164 25 61 100 340 481 492
1 36 25 488 88 181 311 97 382 44 188 268 1032 381
381 1032 25 61 952
166 383 52 15 61 422 568 384 25 51 597 79 101
1093 383 25
675 785 1 25 609 88 567 386
567 785 25 98 249 134 675 386 61 249 385 493
358 25
617 928 345 644 388 25 61 721
390 602 246 905 25 476 389 101 52 795 374 755
71 37 340 389 246 25
1 25 827 713 59 88 682 995 101 1048 107 288 391 689 83 603 514 45
40 392 101 42 159 561 52 723 967 582 144 1017 25 61 252 372 1025 393 376 422 596 560 755 597 152
285 392 433
1 81 291 101 233 218
377 6 349 707 395 25 52 61 886 70 18
1 83 25 960 88 632 542
992 398 1073 25 752
397 25
520 698 25 399 774 61 52 167 15
1020 135 11 25 85 52 405 179 400 15
232 635 4 72 309 203 248 143 135 85 3 36 311 594 306 25
1152 61 25 402 1 403 707 349 83 88 184 587 886
377 142 587 402 504 95 25
218 404 560 235 101 80 81 52 25 291 422 15
1020 135 400 25
465 62 20 18
1 457 408 25 142 97
43 22 142 445 457 269 20 407 25
448 25
524 557 25 582 61 9 109 144
660 412
411
717 141 234 503 64 142 325 580 269 70 145
192 34 373 95 25
177 143 3 36 37 25
84 535 417 25 745 315
84 416 315 25
987 418 61 101 52 422 25 447
420 25 218 80
419 80 438 476 25
604 25 1 61 421 1125 280 422 88 1136 372 109 676 1110 582
773 10 331 606 232 643 942 617 234 159 40 392 605 660 371 132 692 485 418 289 1118 140 909 143 210 78 41 37 340 242 26 363 70 80 55 94 627 208 838 87 383 711 446 112 421 18 404
242 529 101 40 52 159
377 693 287 62 20
20 746 583 25 52 55 425 61 538 20
25
26 428 25 427
26 427 25
104 513 25
201 25
43 552 323 129 138 70 139 282 25
1 3 88 25 296 432 5 161 280 50 44 61 667 26
1 88 144 69 61 90 393 56
875 1 469 1130 88 280 83 1158 1071 435 144 548 1148 718 434 547 1108 1011 25
434 875
123 183 143 3 36 219
1 25 815 88 83
316 123 183 589 25 783 420 1024 290 476
3 5 25 439 51 50 921 52 61 5
606 307 3 210 25
1 25 60 88 83
443 1 61 280 88 25
717 442 1045 25
143 12 251 138 616 25
506 22 23 122 25 54 452 128 445 580 778 537 269 686 317 519 130 550 79 15 408 1049 19 193 278 188 1168 61 1052 231 580
711 742 293 446 957 463 144 1107 52 101 25 15 447 119 573 422
171 44 614 418 289 142 909 78 363 70 94 87 446 18 146
409 25 554
1 88 111
1014 25 484 451 343
661 450 518 343 25
887 234 445 231 269 256 961 145 25
617 531 25
1129 289 25 454 1043 52 61 366 290 602
1 88 36 61 83 181 25 455
209 831 25
43 142 36 408 269 70 20 407
331 232 40 360 5 36 311 42 70 20 91 25
750 1036 25
461 25 97 776 460
97 460 25
219 25 657 350 567 249 462 61 663 675 785 510
833 893 52 61 144 597 235 446
1 583 20 88 90 25
406 62 20 18 25
36 310 25
1 280 61 88
1113 61 88 1 584 25 189
434 1139 1174
556 245 52 470 1103
141 142 325 326 526 25
1 88 36
531 930 25
197 802 25 61 198
1 62
389 246 370 576 999 651 420 29 517 832 15 476 246 146 298 212 147 262 766 52 477 252 715 589 946 852 25 438 218 844
217 1137 17 30 103 152 576 146 476
104 479 25
478 25
502 480 597
732 25 1 340 1116 164 88 100 83 161 481 380
211 494 516 626 306 25
25
647 450 25
243 221 2 613 938 25 485 44 778 61 33 15 188 193 593 291 130 52 732 647 269 422 3 161 37 938 337 3 37
665 149 165 44 284 342 143 3 78 36 70 18 246 25
910 202 25 201 487 61 66 201
381 952 25
17 217 30 103 576
491
490 25
88 1 164 61 25 100 380
663 25 1 250 249 609 785 657 493 88 386
1 181 268 25 36 311 88 633 494 482 111 188 626 516 189 61 44
123 168 25 1099 948 495 52 949 61 230
299 295 366 814 62 992
690 498 25 144 497
497 25
63 1 499 61 500 1130 88
1130 313 499
1 88 83 109
37 52 502 1007 37 1106 724 861 480
88 25 1 413 747 61 686 503 696 317
1 521 181 25 311 36 88 403 272 268 504 111 44 101 189
5 822 25
23 25 122 88 1 54 61 1054 580 445 231
127 14 197 65 203 128 177 36 37 378 70 18
97 776 25
974 25 509 1081 61
1 181 25 663 249 36 311 785 574 657 268 44 609 88 462 675
283 25
104 807 25 513
429 25 61 52 513 1103 807 512
136 45 287 288 58 59 391 25
823 366
211 494 25 516 778 633 626 482 130 193 15 61 229 90 269 626 306 602
152 30 103 217 17 576 146 476
161 50 25 344 921 451 343
445 25
26 520 61 530 698 667 25 52 399 101 26 602
111 272 0 241 504 306 271 25
47 1097
25 523 1132 702 63 52 61 630 94 101
327 585 792 9 25 524 52 61 410
141 1004 25 940 61
325 25 64 527 526 19 471 61 52 326 142
325 526 25
594 761 25
1031 867 894 529 1058 40 159 52 714 10 625 331 606 973 232 127 14 854 1076 1105 1122 643 423 1005 39
123 40 605 183 41 254 520
617 531 930 453 25 61 935 473 558
265 96 266 25
251 534 61 25 52 273 533
251 533 25
84 971 745 25 535 416 61 253 315
710 537 655 25 1087 1104 536 52 61 597 655
717 22 158 536 445 580 25
20 425 55 276 275 94 25
691 82 18
1 219 88
1 632 960 542 286 25 56 842 280 61
842 396 541 239
26 544 543 25
26 543 25
152 546 25 545 287
545 25
434 548
895 434 547 1185
934 25
1167 445 25
1151 1 116 351 1009 551 25 352 88 115 172
553 25 88 1 61 1124 323 431 252 73
552 25
656 448 25
619 556 245 560 1044 561 555
555 1135 470 556 245 52
410 25
617 928 986 25 558 531 61 664
1 25 83 296 78 280
10 331 606 232 561 159 392 353 555 404
259 285 560 159 392 660 62 20 245 555
175 311 176 25 1161 626 208
341 25
565 30 17 217 576 146
715 852 564 651 697 1057 912
163 340 25
609 25 19 675 350 567 386 61 574 462 385
3 5 36 70 51 383 25
20 55 318 569 178 32 25 52 61
1076 185 97 226 61 570 52 25 101 685 70
891 25 571
37 1 1009 25 88 161 116 593 3 280 83 115 572 172
660 171 446 18
609 567 219 784 694 510 608 602 25
1 627 83 25
152 262 576 357 312 370 1057 577 697 517 832 564 147 146 912 1114 477 651 1142 277 213 489 476
217 103 576
705 579 25 286 706 56 108
578 25
506 22 445 25 23 122 580 686 537 158 445 413 61 317
679 360 954 581 42 360 52 15 798 25 61 148
259 99 392 903 410 41 109 108 20 275 676 359 328 1090 112 421
20 425 275 464 25
468 189 25
1 280 9 25 88 524
25 768 44 15 52 586
377 403 52 61 587 402
1 88 588 61 15 83
316 123 183 120 219 80 438 290 476
360 591 25
590 41 25
1134 629 45 58 304 25
243 572 14 132 2 485 938 172 115 337 126 37 378 340 281 724 861 25
649 25 777 594 401 528
874 350 25 729 52 595 15 101 269 61
40 392
922 617 159 40 392 22 536 37 363 724 480 383 463 18 146
685 1176 25
297 151 26 25
690 25
355 25
101 755 246 602 61 516 574 335 3 26 25 20 47 1074 52 44 520 609 36 454 219 248 37 143 86 389
660 150 704 59 204 391
1110 421 25
152 605 422 101 52 530
40 606 529 101 52 440 51 159 560 422 210
251 129 92 373 282 25
1 574 181 25 785 311 36 88 675 44 609 268
25 574 350 61 609 219 567 219 784 385 694 510 608 493 602
660 311 37 272
1 755 83 905 90 25
143 688 25
243 221 2 485 938 3 37 25
25 615 101 52 61 447 614
614 25
143 12 251 138 444 25
453 88 659 638 617 730 744 928 61 150 701 379 597 1 644 531 25 63 83 233 991 558 388 874 422
174 311 1 975 268 181 25 36 88 173
619 967 52 245 244 555 1135
366 621 1073 25 959
620 25
1 61 1033 88 25 252 296 26
1 88 231
214 865 624
529 40 131 625 52 101 225
211 494 516 626 482 242 25 516 176 562 189 61 372
270 628 25 235 52 627 762 291 269 422 15 575
269 627 25
1 58 592 88 25
523 159 40
6 25
960 396 541 25
211 494 516 306 25
997 25 634 52 61
1 88 401 179 25 143
351 25
665 44 25
617 928 25
337 639 979 640 337 161 25 181 237 669 3 857 128 36 117 238 101 52 3
337 639 3 25
1 985 275 88 90 25
242 20
40 529 52 422
617 644 730 25 150 388
41 25
808 52
22 485 172 484 25 52 194 369 343
1055 648 52 25 61 326
594 777 760 25
843 25
191 1137 217 883 30 565 17 264 576 476
25 261 52 19 652 15 97 61 260 297
658 25
89 25
536 1104 25 536 52 15 158 655
554 1181 656 52 144 25 61 101
462 249 510 493 25
653 25 97 19 658 52 61
617 61
1141 882 1050 101 1072 660 1008 881 117 573 731 924 682 42 905 25 561 716 69 233 708 1146 610 40 826 422 914 839 755 52 764 603 411 748 15 376 840 1025 171
451 25 350 343
1 25 369 83
219 462 784 694 510 493 25
1 25 88 558
166 486 188 637 25 1 69 79 90 61 88 44 284
97 1059 25 61 666 52 19
78 26 520 167 432 25
203 743 668 25 350
337 857 25 52 669 61 639 3 70
44 162 70 25
779 287 338 288 25
84 25 745 672 253 315
97 25 52 158 372 64 673 209
62 1029 1073 25 805
567 386 219 462 385 510 608 25
1 286 109 799 25 88 676 582 1145 280 372 1034 61 56 421
814 733 1073 25 678
814 677 25
148 679 25 52 798 581 61
751 25
20 275 94
660 150 391
1 161 25 257 3 88 15
925 25 61 685 694
219 684 982 25 598 61 685 570 1176
234 503 317 445 580 186 145
978 687 52 61
143 612 25 61 52 11 688
107 204 391
600 789 25 690 61 497 691 295
690 539 25
750 1 101 88 422 25
424 62 20 25
1 982 88 663 219 609 574 684 25
377 909 97 1068 25 52 695 61
717 503 935 25
30 217 565 17 576
520 399 25
22 57 70 25
864 25
617 991 25
523 55 275 94 981 1006 25
123 168 342 126 25
603 59 204 25
1 108 706 578 61 372
705 578 108 25
395 402 25
660 716 709
171 1050 826 708
1 83 536 25 280
446 88 1 25 233 144 101 83 422 109
259 958 25
136 45 346 391 25
529 40 52
565 217 146 476
660 171 708
537 1 83 280 25 970 1045 696 717 443 88 1052 158 413
434 1108
720 25
719 25
1 88 388 25
1 83 88 25 278 78 280
392
965 593 502 724 37 597
37 378 25
727 204
726 25
8 25
874 595 25
617 644 25
117 660 143 85 210 5 170 36 311 37 378
243 485 340 100 481 25
677 25
735 849 734 25
734 25
152 736 1010 737 25 1161
736
739
738 25
794 25
1180 1 61 1130 88 1179 25
957 293 446
668 25
617 379 25
84 535 416 672 253 315 25
20 425 25
503 25
660 749
748 25
692 1039 459 1009 25 750 907 1036
680 25
992 397 25
754
753 25
392 152 660 905 611 602 389
60 757 25 60 756
170 60 756 25
1138 759 25
1138 758 25
1 88 25 649 761 143
528 760
270 269 70 627 25
1041 763 25
660 101 52
66 790 25
152 353 17 103 217 30 146 476
295 1069 25
586 25
1 25 321 161 3 5 1035 88 50 44 815 86
335 944 25
353 25 772 365
771 25
1 422
78 26 167 399 796 25
1 25 83 188 78 90 280
460 508 25 97
594 994 25 11 649
130 485 172 337 143 135 12 3 445 231 251 129 36 37 192 516 20 275
1 25 372 288 88 671 287
159 1098 40
1 88 181 25 36
1 88 219 25
438 25
1 25 663 609 88 574
386 219 462 249 385 510 608 493 25
872 25
899 25
1183 62 20 25
690 1084 789 25
66 765
197 198 25
1 280 25 88 83 524
888 1042 25
740 794 995 25 52 61 136 287
374 237 71 389 25
88 1 296 83 25 26 167 774 144 61
141 142 325 25
679 360 581 25
1034 303 676 25
88 70 1 280 801 144 83
800 70
197 474 25
1169 26 94 25
149 25
62 674 25
1 280 88 83
513 512 25
646 808 52 809
808
335 944 25
1 88 280 83
1 97 812 25 261 88 19 61 260 258
141 940 25
678 25 496 61 52 677 81 1077 15 814 70
769 265 437 1035 25 1112 1051 61
931 850 817
931 850 816 25
1109 819 288
818
47 48 820 25 998 1025 61
347 25 821 15 52
5 505 25 52 822 61 50
515 366 25
20 275 25 1149 824 42 52 15
888 1042 25
660 1008 709
827 52 828 136 58 391
827 25
830 829 25
289 5 829 25
88 1 83 456 19
912 213 833 576 146 476
832 463
152 17 217 30 103 146
836 25 872
835 872 25
1 88
838 52 422
660 840 204
660 839 25
111 254 76 25
542 541 25
650 52 61 843
217 30 17 103 476
61 88 1 64
299 300 25
114 25
377 929 292 853 1086 25
734 849 52
931 144 25 817 816
234 374 879 145
565 17 217 30 353 146 476
334 848 25 52 61
529 40 52 101
1083 25 52 15
43 10 232 72 143 85 36 70 139 80 182 373
337 669 639 70 25
93 25
1079 1095 24 25 860
1079 1095 859 25
502 965 593 37 236 861
862 144
96 266 86 25
700
214 624 104 25
1 45 88
529 40 52 867 159 238
120 366 25
123 183
322 1022 225 871 61 25 52 131 870
12 225 870 25
835 786 25 836
45 25
877 1 729 874 88 52 61 101 595 64 617 234
434 435 25
307 3 308 25
1 88 877 61 874
61 88 25 1 1012 104 105 336 333 131 12 97 225
234 374 270 851 269 145 25
287 338 288 25
660 882 881
101 660 881
1114 651 298
356 1163
26 27 25
377 228 349 395 70 358 402 18 25
88 1 887 61 452 235
25 793 52 15 825 181 278 888 161 54 36 1042 3 1046
192 34 373 95 25
1 161 88 36 181 3 25 5 311
571 25
248 324 97 25
1162 1154 1184 1187 907 463
529 40 52 101
548
897 70
896 25
88 1 61 902
40 787
159 376
43 993 25
898
1 88 582 25
1064 904 25
660 755 611 389 25
93 25
943 750 907 893 919 939 1036
165 25
422 909 101 69 1068 52 1173 25 61 695 447
1 88 201 136 487
242
832 212 103 565 576
373 25
660 915
914
984 25
276 275 94 25
1074 62 20 25
907
335 1037 52 920 61
3 439 518 25
597 922
159 245
660 1178 25
684 25
319 25
371 172 115 25
617 638 558 388 928
1028 25 848
531 473 25 150 930
850 931 144 52 816 817
138 272 306 25
348 313
549
696 531
937 70
936 70 25
243 2 485 161 938 33 3 25 593 37 485 61 613 337 3 37
939 52 907
141 525 813 1004
113 63 52 941
422
907
335 810 944 25 1037 770
43 227 269 20 25
476
136 25
949 495
168 948 495 25
1094 313 25
1164 25
382 488
1121 25
360 581 25
37
1 88 3
742 446
259 712
366 620 25
632 396 541 239
1 1075 88 452 25 83 269
1 68 25 83
1186 313
124 964 25 61
37 1007 724 861 25
1168 25
392 619
1131 25
70 20
717 1052
1003 25 280 61 535 971 253 315
1 25 44 88 188
529 101 40
509 25
272 173 74 618 25
977
976 25
687 978 1058 52
337 639 3 25
1 26 25 296 88 83
94 983 25 702
219 685 694 25
981 25
916 204
20 275 641 25
558 25
418 25
197 302 25
1 88 3 37 83
143 85 194 25
617 701
25 752 496 61 52 992 397
43 901 70
777 25
136 49 794 391 25
356 25
634 25
47 820 25
377 476
254 77 25 1001 61
1000 75
297 26 25
971 25
141 525 940 25
529 40
1 15 25 702 83
37 965 52 1007 502
660 826
551 572 371 750 25
736 25
434 1100
878 25
1 88 280 25
450 343 25
242
214 215 25
1017 40 392
1
214 25
1 1056 61 405 25 88 400
1069 25
1 13 25 61 225 88 870 280 12 131
325 25
316 123 183 156 438 290 25
392 660 820 210 5 311 37 20 252
199 70
21 62 20
929 25
674 25
1123 1030 25 276
529 40 52
381 382 25
622 25
799 303 676
769 265 815 86 25
907 1039 459 750
335 920 944 25
1101 97 25
750 1036
1 1040 61
763 25
888 825 25 793
289 454 25
555
717 443
1 888 88
26 28
305 391 25
1080 445 25
660 1072 709
265 815 96 1112 25
717 970 445 25
205 25
506 25
142 325 648 25
1020 25
217 565 576
529 40 978
142 666 25
303 114 25
8
62 1092
159 40 376
904 25
93 25
1 177 25
1 25 194 83
377 248 909 695 25
295 1021 1073 25 767
1086 25
434
660 1050
300 1069 620 677 674 397
918 26 62 20 602
70 255 961
529 40 25 226 570
814 1159
40 222
1 860 1095 88 859 25
1049 25 158
1082 509
1081 25
855 25
789 25
184 1152
1070 25 848
536 25
154
313
1 286 83 88 61 109 582 25 81 1090
184 242 70 25
62 1062 25
384
950 313
1079 860 25 61 859
1153 1096 25 329 360
522 25
780
123 168 495 25
1011
1038 97 25
361 25
252 104 513 470
536 655 25
529 101 40
502
118 119 446
1139 434 718
1126 818 288
604 421
154
815 96 1051
468 25
191 217 103 17 883 30 576
373
37 340 481 25
374 237 71
422 52 101 1118
1120
1119 25
953 204
40 529 242 52 101
1030 25
552 73 25
1136 421 25
1109 1127
1165 1126
313
289 454 366 290 25
434 500 741 499 146 25
968 25 1131
523
224 25
1 58 25 592 88
619 556
1125 421
477 29 651 298
759 88 1 25 758 350 61
1108 469
7 52 61 101 1140
1 660
217 103 576
22 25
37 70 80 313
676 359
660 1147
1146
434
20 824 25
184 185 25
551
184 1085 402 25
1096 25
893
366
61
1157
434
1077 25
313
736 562
893
356 884 25
951
288 1127
313
550 25 158
445 966
803
1170
1171
55
909
469
313
685 598
60 25
924
1180 741
1179 741 25
656
52
788
893
548
963
893