477 217 20
477 1137 20
477 17 20
477 30 20
477 103 20
887 88 50
887 1 45
887 887 15
887 61 10
887 452 10
887 235 10
717 537 85
717 1 70
717 83 25
717 280 25
717 25 25
717 970 15
717 1045 15
717 696 10
717 717 10
717 443 10
717 88 10
717 1052 5
717 158 5
717 413 5
442 443 290
442 1 270
442 61 125
442 280 15
442 88 15
442 25 10
1138 759 40
1138 88 40
1138 1 35
1138 25 15
1138 758 10
1138 350 5
1138 61 5
243 25 50
243 613 25
243 88 25
243 61 20
243 593 130
243 161 120
243 243 105
243 1 100
243 485 15
243 33 15
243 37 15
243 280 10
243 732 10
243 3 10
243 938 5
243 101 5
221 372 40
221 1 35
221 88 30
221 485 15
221 221 10
221 613 10
221 269 5
221 101 5
221 25 5
221 61 5
316 1 95
316 156 80
316 90 50
316 589 45
316 88 40
316 121 40
316 248 30
316 291 25
316 25 25
316 81 20
316 1024 20
316 438 10
316 69 10
316 61 10
316 316 5
941 113 15
941 63 10
941 52 10
941 941 10
277 30 20
277 103 20
277 17 20
277 217 20
551 1151 70
551 1 60
551 116 25
551 351 25
551 1009 25
551 551 20
551 25 10
551 352 10
551 88 5
551 115 5
551 172 5
572 37 80
572 1 65
572 1009 40
572 25 35
572 88 35
572 161 25
572 116 20
572 593 115
572 3 15
572 280 15
572 83 15
572 115 10
572 572 10
572 172 5
370 30 20
370 103 20
370 264 20
370 217 20
370 17 20
812 1 60
812 97 35
812 812 30
812 25 30
812 261 25
812 88 20
812 19 125
812 61 15
812 260 10
812 258 10
43 1 55
43 25 55
43 88 20
43 408 20
43 44 15
43 945 15
43 188 15
43 83 10
43 856 5
43 323 5
43 901 5
43 182 5
43 457 5
43 993 5
43 431 5
43 42 5
972 1 30
972 25 10
972 44 10
972 88 10
972 188 5
187 187 30
187 15 25
187 44 20
187 88 20
187 25 20
187 188 20
187 1 110
187 83 10
187 37 5
187 61 5
187 3 5
279 1 60
279 61 20
279 88 15
279 280 10
279 25 5
989 1 35
989 88 10
989 3 5
989 37 5
989 83 5
715 565 20
715 217 20
29 217 20
29 30 20
29 17 20
29 103 20
29 1137 20
1134 1 35
1134 58 5
1134 25 5
1134 592 5
1134 88 5
629 1 35
629 58 5
629 592 5
629 88 5
629 25 5
827 827 45
827 52 10
827 828 10
773 1 20
773 422 5
1141 1 20
1141 660 5
1031 529 35
1031 40 25
1031 52 10
867 529 35
867 40 30
867 52 10
867 867 5
867 159 5
867 238 5
894 529 60
894 40 40
894 52 10
894 101 10
529 529 35
529 1058 20
529 40 15
529 159 10
529 52 10
714 529 75
714 40 50
714 52 10
10 101 65
10 268 60
10 311 45
10 40 375
10 209 20
10 25 20
10 529 105
10 181 100
10 159 15
10 52 10
10 85 10
10 182 10
10 856 5
10 422 5
10 233 5
10 73 5
10 19 5
10 11 5
10 36 5
10 560 5
625 529 50
625 40 40
625 131 15
625 625 10
625 52 10
625 101 10
625 225 5
331 529 70
331 159 50
331 209 45
331 331 40
331 40 380
331 101 140
331 242 115
331 52 15
331 51 10
331 61 5
331 15 5
331 233 5
331 25 5
331 60 5
331 458 5
331 42 5
331 422 5
331 560 5
606 40 85
606 606 40
606 529 35
606 101 25
606 52 15
606 440 10
606 51 10
606 159 5
606 560 5
606 422 5
606 210 5
973 529 20
973 101 15
973 40 10
232 40 910
232 181 80
232 209 55
232 159 50
232 232 45
232 268 40
232 401 30
232 85 20
232 101 180
232 242 140
232 529 105
232 11 15
232 97 15
232 52 15
232 44 15
232 61 10
232 560 10
232 182 5
232 311 5
232 143 5
232 422 5
232 458 5
232 69 5
232 233 5
232 42 5
232 856 5
232 36 5
232 25 5
232 15 5
127 101 60
127 40 215
127 128 25
127 332 25
127 529 100
127 161 15
127 3 15
127 507 15
127 52 10
127 127 10
127 189 5
14 529 55
14 40 45
14 101 25
14 593 15
14 52 10
14 507 5
14 37 5
14 128 5
14 15 5
14 161 5
14 3 5
854 529 50
854 40 30
854 52 10
854 101 5
1076 529 20
1076 40 10
1076 25 5
1076 226 5
1076 570 5
1105 529 20
1105 101 15
1105 40 10
1122 40 70
1122 529 40
1122 242 15
1122 52 10
1122 101 10
643 40 20
643 529 20
643 52 10
643 422 10
423 242 60
423 529 35
423 101 35
423 40 15
423 52 10
423 159 5
1005 529 20
1005 40 10
39 529 50
39 40 20
39 101 20
39 52 10
39 189 5
39 61 5
963 1186 20
882 101 20
259 1 85
259 712 65
259 286 65
259 259 50
259 61 30
259 958 30
259 88 25
259 109 20
259 582 20
259 56 15
259 561 15
117 731 20
52 1182 20
285 1 95
285 286 65
285 56 50
285 88 25
285 25 20
285 561 10
285 83 5
285 393 5
99 1 95
99 286 65
99 83 35
99 56 30
99 61 25
99 25 25
99 109 15
99 372 10
99 582 5
99 88 5
99 252 5
367 103 20
367 217 20
769 1 70
769 25 40
769 321 20
769 161 20
769 3 20
769 5 20
769 1035 20
769 88 5
769 50 5
769 44 5
769 815 5
769 86 5
265 1051 75
265 1035 55
265 1 45
265 25 35
265 321 20
265 815 20
265 266 15
265 265 10
265 532 10
265 88 10
265 235 10
265 96 10
265 280 10
265 83 10
265 86 5
265 61 5
437 1 45
437 25 10
437 815 10
437 88 10
437 83 10
377 848 95
377 1 90
377 19 85
377 25 70
377 403 50
377 280 25
377 188 20
377 292 15
377 1068 15
377 395 10
377 999 10
377 291 10
377 695 10
377 349 10
377 7 5
377 97 5
377 229 5
377 424 5
377 144 5
377 886 5
377 44 5
377 587 5
811 1 20
811 88 20
811 280 10
811 83 10
912 832 20
956 1 30
956 88 10
956 3 10
623 1 40
623 88 10
623 231 10
472 1 40
472 88 10
472 36 10
449 1 40
449 88 10
449 111 10
1079 1 45
1079 860 30
1079 1095 10
1079 88 10
1079 859 5
1079 25 5
223 1 40
223 36 30
223 88 25
223 25 15
223 181 10
223 128 5
196 1 25
196 88 10
196 83 10
196 325 5
196 25 5
141 797 90
141 25 55
141 141 45
141 64 40
141 142 35
141 83 30
141 280 30
141 61 30
141 326 25
141 88 25
141 1 125
141 471 15
141 813 15
141 372 10
141 1004 10
141 97 5
141 940 5
141 413 5
141 525 5
141 19 5
866 1 35
866 45 10
866 88 5
101 222 20
327 1 30
327 280 20
327 88 15
327 524 5
327 9 5
327 144 5
327 25 5
362 1 20
362 280 20
362 88 10
585 1 30
585 280 30
585 9 25
585 25 20
585 88 10
585 524 5
792 1 40
792 280 10
792 25 10
792 88 10
792 83 10
792 524 5
1017 1017 5
646 808 10
646 52 10
893 1162 20
893 1154 20
893 1184 20
893 1187 20
548 895 20
84 745 45
84 417 25
84 672 20
84 25 15
84 52 10
84 416 10
84 61 5
84 535 5
220 1 35
220 83 10
220 184 5
220 25 5
560 561 20
381 1 90
381 36 50
381 25 40
381 488 35
381 88 35
381 181 20
381 311 20
381 97 20
381 382 15
381 44 10
381 188 10
381 268 10
381 1032 5
381 381 5
197 302 90
197 198 65
197 181 55
197 25 55
197 36 50
197 128 45
197 791 40
197 197 35
197 802 35
197 44 30
197 61 20
197 88 20
197 311 20
197 474 20
197 1 140
197 988 110
197 507 15
197 19 15
197 188 10
197 268 10
197 227 10
197 97 5
197 101 5
710 1 45
710 83 10
710 536 5
710 25 5
710 280 5
1066 1 35
1066 177 15
1066 25 10
957 742 20
130 778 20
65 1 65
65 61 10
65 52 10
65 256 10
65 65 10
65 25 10
65 507 5
523 25 55
523 523 25
523 1132 20
523 702 20
523 63 15
523 52 10
523 61 5
523 630 5
523 94 5
523 101 5
123 25 80
123 53 55
123 1099 45
123 188 35
123 156 35
123 88 30
123 589 25
123 436 25
123 1 130
123 90 15
123 83 15
123 379 10
123 169 10
123 44 10
123 869 10
123 530 10
123 703 10
123 69 5
123 101 5
123 235 5
123 1024 5
123 3 5
123 161 5
123 123 5
123 438 5
123 230 5
123 81 5
123 495 5
168 25 75
168 1 60
168 1099 45
168 88 40
168 168 35
168 126 30
168 230 25
168 169 25
168 61 20
168 495 15
168 703 15
168 53 10
168 949 5
293 742 20
293 294 20
832 213 20
832 833 20
394 1 50
394 81 15
394 291 5
394 101 5
394 233 5
394 218 5
1108 1139 20
806 1 25
806 280 10
806 88 10
806 83 10
434 875 85
434 1 25
434 469 20
434 1130 15
434 88 15
434 280 10
434 83 10
434 1158 10
434 1071 5
434 435 5
434 144 5
434 548 5
434 1148 5
434 718 5
434 434 5
434 547 5
434 1108 5
434 1011 5
434 25 5
422 942 20
922 597 5
922 922 5
1139 469 20
211 161 70
211 1 65
211 25 40
211 50 35
211 633 30
211 3 30
211 5 25
211 626 20
211 88 20
211 482 100
211 516 10
211 188 10
211 211 10
211 44 5
211 61 5
494 1 95
494 181 70
494 268 50
494 25 50
494 36 45
494 311 30
494 88 20
494 633 20
494 494 20
494 482 185
494 111 15
494 188 10
494 626 10
494 516 10
494 189 5
494 61 5
494 44 5
1171 1171 30
877 1 45
877 88 20
877 877 15
877 61 5
877 874 5
808 808 15
808 52 10
808 809 5
1111 154 20
191 1114 20
191 651 15
191 52 10
191 263 10
191 191 5
862 862 40
862 144 5
874 1 70
874 729 30
874 874 25
874 88 20
874 52 10
874 61 10
874 101 5
874 595 5
874 64 5
617 453 75
617 88 60
617 659 60
617 638 60
617 617 60
617 730 40
617 744 35
617 928 30
617 61 30
617 150 30
617 701 290
617 379 25
617 597 20
617 1 175
617 644 125
617 531 100
617 25 15
617 63 10
617 83 10
617 233 5
617 991 5
617 558 5
617 388 5
617 874 5
617 422 5
659 61 25
234 88 80
234 150 35
234 61 35
234 686 20
234 1 125
234 234 15
234 452 15
234 413 15
234 63 10
234 379 10
234 235 10
234 422 5
234 269 5
234 879 5
234 15 5
234 851 5
234 874 5
234 25 5
234 233 5
1114 217 20
1114 103 20
1114 17 20
1114 883 20
1114 30 20
1109 1126 20
818 1109 20
818 819 20
213 293 20
159 376 70
159 561 70
159 101 70
159 144 40
159 780 30
159 159 260
159 422 25
159 630 20
159 42 20
159 222 20
159 597 15
159 1063 10
159 125 10
159 52 10
159 923 5
159 61 5
159 375 5
159 160 5
159 560 5
159 900 5
780 1098 20
40 1017 50
40 422 40
40 101 40
40 40 315
40 15 30
40 392 280
40 596 25
40 1063 25
40 222 20
40 780 20
40 159 125
40 530 110
40 52 10
40 1078 10
40 25 10
40 630 10
40 597 5
40 125 5
40 42 5
40 1058 5
40 899 5
40 458 5
392 392 525
392 101 50
392 42 50
392 159 325
392 561 35
392 52 30
392 723 25
392 967 25
392 582 25
392 144 25
392 1017 20
392 25 20
392 61 100
392 252 15
392 372 15
392 1025 15
392 393 10
392 376 5
392 422 5
392 596 5
392 560 5
392 755 5
392 597 5
1078 222 20
152 766 90
152 152 85
152 517 65
152 262 30
152 477 30
152 576 20
152 159 20
152 16 20
152 312 20
152 40 120
152 101 15
152 216 15
152 153 10
152 736 10
152 545 10
152 52 10
152 834 5
152 755 5
152 61 5
152 392 5
152 15 5
605 152 30
605 605 15
605 422 10
605 101 10
605 52 10
605 530 5
660 882 95
660 1050 85
660 101 75
660 1072 65
660 660 60
660 1008 60
660 881 55
660 117 45
660 573 35
660 731 35
660 924 30
660 682 30
660 42 25
660 905 20
660 25 20
660 561 20
660 716 20
660 69 20
660 233 15
660 708 15
660 1146 15
660 610 15
660 40 15
660 826 15
660 422 15
660 914 15
660 839 15
660 755 10
660 52 10
660 764 10
660 603 10
660 411 10
660 748 5
660 15 5
660 376 5
660 840 5
660 1025 5
881 882 20
881 881 5
764 101 20
764 52 10
171 660 45
171 252 25
171 52 10
171 171 10
171 709 5
171 101 5
171 447 5
171 573 5
171 716 5
171 117 5
489 17 20
489 217 20
489 30 20
489 103 20
102 17 20
102 217 20
102 30 20
102 103 20
834 17 20
834 217 20
834 30 20
834 103 20
357 103 20
357 217 20
852 565 20
852 17 20
852 217 20
852 30 20
577 217 20
577 103 20
212 912 25
212 217 20
212 213 20
212 103 20
547 548 20
469 1174 20
1185 548 20
216 30 20
216 103 20
216 17 20
216 217 20
564 565 20
564 30 20
564 17 20
564 217 20
687 978 80
687 687 40
687 52 10
687 61 5
978 978 65
978 1058 15
978 52 10
503 88 30
503 25 30
503 1 220
503 413 25
503 747 20
503 61 140
503 686 15
503 503 10
503 696 5
503 317 5
371 927 65
371 1009 255
371 88 25
371 1 155
371 116 125
371 61 110
371 238 15
371 25 15
371 115 10
371 101 10
371 237 10
371 172 5
371 422 5
665 166 90
665 486 65
665 188 60
665 637 535
665 25 50
665 1 260
665 69 20
665 79 20
665 90 130
665 61 125
665 88 15
665 44 10
665 284 10
319 1 80
319 90 60
319 25 35
319 319 35
319 61 20
319 926 115
319 88 15
319 320 15
319 78 15
319 69 10
319 188 10
319 44 5
468 1113 95
468 61 75
468 88 35
468 1 120
468 584 15
468 25 15
468 189 10
903 1 30
903 88 10
903 582 5
903 25 5
506 23 75
506 25 60
506 122 40
506 88 40
506 1 365
506 54 30
506 61 280
506 1054 255
506 580 25
506 445 25
506 231 10
1020 1 85
1020 1056 60
1020 61 35
1020 405 25
1020 25 25
1020 88 15
1020 400 5
878 61 85
878 88 30
878 25 30
878 1 150
878 1012 100
878 104 15
878 105 15
878 336 15
878 333 10
878 131 10
878 12 10
878 97 5
878 225 5
149 161 90
149 25 70
149 804 475
149 1 320
149 50 35
149 5 30
149 3 30
149 61 230
149 486 25
149 90 25
149 88 25
149 79 20
149 166 20
149 188 15
149 44 10
149 69 10
149 284 5
149 229 5
552 553 50
552 25 20
552 88 20
552 1 175
552 61 115
552 1124 10
552 323 5
552 431 5
552 252 5
552 73 5
165 25 85
165 908 605
165 36 60
165 311 60
165 268 40
165 1 330
165 486 30
165 61 255
165 88 25
165 90 25
165 79 20
165 166 20
165 181 100
165 188 15
165 44 10
165 252 10
165 69 10
165 284 5
165 19 5
132 37 85
132 25 45
132 133 265
132 1 200
132 88 20
132 61 155
132 593 145
132 238 10
132 101 10
132 422 5
132 83 5
132 237 5
6 1 240
6 88 20
6 61 155
6 19 10
6 395 10
6 25 10
6 97 5
6 7 5
6 631 5
898 88 20
898 1 170
898 61 125
898 902 10
622 1 410
622 61 365
622 1033 25
622 88 20
622 25 15
622 252 5
622 296 5
622 26 5
705 1 40
705 108 15
705 706 10
705 578 10
705 61 5
705 372 5
1018 1 25
800 88 65
800 70 40
800 1 35
800 280 15
800 801 5
800 144 5
800 83 5
635 1 30
635 88 10
635 401 5
635 179 5
635 25 5
635 143 5
4 1 30
4 5 20
4 88 15
4 25 15
4 3 15
4 401 15
4 11 10
4 161 10
4 143 5
72 181 75
72 85 75
72 1 65
72 11 55
72 72 50
72 401 45
72 88 40
72 13 35
72 25 25
72 143 20
72 268 145
72 97 10
72 81 10
72 101 10
72 61 10
72 19 10
72 83 5
72 36 5
72 105 5
72 856 5
72 139 5
72 73 5
651 1137 20
651 217 20
651 883 20
651 30 20
651 565 20
651 17 20
651 264 20
322 225 55
322 131 40
322 1 40
322 88 40
322 25 35
322 12 15
322 870 10
322 336 10
322 280 10
322 322 5
322 61 5
322 105 5
1022 1 55
1022 13 25
1022 25 15
1022 61 15
1022 225 10
1022 88 10
1022 870 5
1022 280 5
1022 12 5
1022 131 5
845 61 45
845 88 30
845 1 115
845 64 15
307 1 40
307 50 35
307 83 35
307 161 30
307 25 30
307 3 20
307 876 20
307 440 100
307 5 15
307 308 10
307 88 10
307 307 10
309 1 30
309 85 30
309 161 20
309 25 20
309 50 20
309 88 15
309 11 15
309 3 10
309 128 10
309 401 5
309 143 5
203 1 80
203 181 70
203 5 65
203 88 60
203 11 60
203 25 50
203 50 45
203 268 40
203 161 40
203 401 40
203 203 30
203 143 25
203 3 20
203 44 20
203 188 20
203 36 10
203 61 5
203 128 5
203 668 5
203 101 5
203 79 5
203 81 5
203 507 5
203 235 5
22 122 70
22 88 40
22 25 40
22 580 30
22 61 25
22 54 25
22 1143 25
22 23 25
22 64 20
22 1 125
22 22 15
22 15 10
22 231 10
22 537 10
22 3 10
22 445 5
22 128 5
22 158 5
22 57 5
22 161 5
22 597 5
22 699 5
22 647 5
22 408 5
683 1 35
683 161 15
683 25 15
683 257 15
683 3 5
683 88 5
683 15 5
183 88 60
183 61 45
183 589 25
183 436 25
183 90 20
183 156 20
183 1 100
183 379 15
183 83 15
183 25 15
183 3 10
183 869 10
183 530 10
183 69 5
183 101 5
183 235 5
183 233 5
183 1024 5
183 438 5
2 1 85
2 25 65
2 88 60
2 593 55
2 37 30
2 2 30
2 61 25
2 485 20
2 161 15
2 83 10
2 63 10
2 33 10
2 938 10
2 3 5
2 613 5
1103 252 20
910 1 50
910 88 10
910 201 10
910 136 10
910 487 10
263 30 20
263 103 20
263 264 20
263 217 20
263 17 20
962 1 35
962 68 20
962 25 5
962 83 5
118 1 35
118 1107 25
118 119 20
118 88 10
118 25 10
775 1 35
775 25 10
775 83 10
775 188 5
775 78 5
775 90 5
775 280 5
722 1 35
722 83 15
722 88 10
722 25 10
722 278 5
722 78 5
722 280 5
559 1 35
559 25 10
559 83 10
559 296 5
559 78 5
559 280 5
697 30 20
697 217 20
697 565 20
697 17 20
692 750 45
692 1 30
692 101 20
692 88 10
692 422 5
692 25 5
1034 799 20
1179 1180 20
490 491 20
158 537 20
900 376 20
299 846 60
299 25 50
299 496 20
299 61 10
299 52 10
299 299 5
299 81 5
299 300 5
299 15 5
300 200 30
300 1073 20
300 25 15
300 846 5
413 64 20
1045 443 20
935 696 20
970 1052 20
679 148 50
679 679 20
679 25 10
679 52 10
679 798 5
679 581 5
679 61 5
1080 1049 25
1080 25 20
1080 158 5
634 997 70
634 25 20
634 634 15
634 52 10
634 61 5
47 998 50
47 25 30
47 820 25
47 522 15
47 47 15
47 48 10
47 61 5
758 759 435
758 25 10
690 600 55
690 789 25
690 25 20
690 690 15
690 61 10
690 497 5
690 691 5
295 767 40
295 25 30
295 496 20
295 61 20
295 52 10
295 1069 5
295 690 5
295 295 5
1069 1021 30
1069 1073 20
1069 25 15
1069 767 5
789 1084 20
789 789 10
789 25 5
497 498 85
497 25 5
497 144 5
497 497 5
485 613 370
485 938 35
485 25 220
485 485 200
485 44 25
485 778 20
485 61 20
485 33 105
485 15 15
485 188 15
485 193 10
485 593 10
485 291 10
485 130 10
485 52 10
485 732 5
485 647 5
485 269 5
485 422 5
485 3 5
485 161 5
485 37 5
938 161 45
938 938 35
938 33 210
938 3 20
938 25 100
938 593 15
938 37 15
938 485 15
938 61 10
938 613 10
248 25 90
248 248 75
248 19 40
248 97 40
248 11 30
248 121 295
248 401 25
248 61 20
248 120 15
248 333 15
248 350 15
248 90 15
248 52 10
248 892 10
248 324 10
248 144 5
248 44 5
248 1068 5
248 85 5
248 104 5
120 25 40
120 121 40
120 868 120
120 589 10
324 892 50
324 52 10
324 324 10
324 101 5
324 61 5
175 235 40
175 176 30
175 175 170
175 562 10
175 350 5
1067 1 35
1067 25 15
1067 194 5
1067 83 5
662 1 35
662 25 15
662 369 5
662 83 5
424 693 20
214 1019 95
214 25 85
214 624 30
214 865 25
214 1016 20
214 61 15
214 52 10
214 215 5
214 214 5
624 865 90
624 624 5
93 25 35
93 61 20
93 105 190
93 286 15
93 858 15
93 906 15
93 1065 15
93 93 5
93 214 5
104 93 50
104 104 30
104 429 25
104 25 25
104 865 20
104 105 20
104 333 125
104 52 10
104 478 10
104 61 5
104 512 5
104 1103 5
964 124 25
964 964 5
964 25 5
964 61 5
215 1016 25
374 795 35
374 25 25
374 52 20
374 79 15
374 1117 15
374 374 10
374 879 5
374 851 5
374 166 5
374 61 5
237 238 60
237 25 20
237 52 15
237 1117 10
237 237 10
237 374 5
237 795 5
172 172 55
172 927 335
172 238 30
172 25 200
172 15 25
172 778 20
172 269 20
172 116 110
172 593 10
172 193 10
172 130 10
172 115 10
172 237 10
172 37 10
172 61 5
172 647 5
115 25 50
115 115 40
115 593 30
115 116 235
115 61 10
115 927 10
115 15 5
115 52 5
115 161 5
115 3 5
115 37 5
750 1039 290
750 459 25
750 1009 150
750 25 15
750 750 15
351 636 20
351 352 10
351 52 10
351 351 10
351 61 5
652 25 75
652 261 65
652 52 20
652 19 10
652 652 10
652 15 10
652 97 5
652 61 5
976 977 20
260 652 40
260 260 30
260 52 30
260 261 20
260 97 20
260 15 20
260 258 170
260 25 140
260 19 15
260 61 15
44 144 75
44 637 50
44 188 415
44 486 25
44 162 25
44 101 20
44 25 185
44 44 130
44 670 100
44 61 100
44 52 15
44 356 10
44 284 10
44 90 10
44 69 5
44 447 5
44 15 5
44 71 5
44 158 5
614 25 30
614 615 20
614 101 15
614 52 10
614 61 5
614 447 5
614 614 5
284 486 75
284 25 40
284 284 15
284 79 15
284 52 10
284 188 5
284 61 5
355 601 20
355 52 10
355 61 5
355 350 5
71 144 40
71 52 30
71 71 20
71 166 20
71 390 165
71 1117 15
71 188 15
71 374 15
71 25 15
71 79 10
71 61 10
71 90 5
71 795 5
162 670 35
162 25 25
162 162 15
162 52 10
162 61 10
361 1102 20
361 52 10
361 361 10
361 61 10
934 549 20
270 25 40
270 762 30
270 270 15
270 627 10
270 81 5
270 879 5
270 15 5
270 101 5
1167 550 35
1167 25 20
1167 158 5
337 979 75
337 593 45
337 15 30
337 640 275
337 25 220
337 37 25
337 485 20
337 778 20
337 669 20
337 337 145
337 61 15
337 52 15
337 130 10
337 33 10
337 193 10
337 350 10
337 857 10
337 269 5
337 938 5
337 639 5
669 857 30
669 25 20
669 52 10
669 669 10
669 61 5
639 639 80
639 979 435
639 640 30
639 337 30
639 161 20
639 25 135
639 181 15
639 237 15
639 669 15
639 3 15
639 857 10
639 128 10
639 36 5
639 117 5
639 238 5
639 101 5
639 52 5
958 712 20
753 754 30
297 1002 80
297 25 35
297 296 10
297 599 10
297 15 10
297 261 10
297 52 5
297 652 5
247 35 40
247 25 15
247 52 10
247 247 5
247 64 5
353 365 65
353 766 30
353 277 20
353 353 15
353 25 15
353 61 10
353 52 10
353 771 10
353 90 5
353 852 5
353 213 5
353 560 5
353 144 5
771 25 20
771 772 100
771 365 10
571 891 25
571 25 5
571 571 5
418 987 65
418 418 25
418 61 10
418 101 10
418 52 10
418 422 5
418 25 5
418 447 5
820 48 40
820 820 20
820 25 10
820 998 10
820 1025 5
820 61 5
291 81 20
851 879 20
736 736 30
736 1010 30
736 737 20
736 25 15
736 1161 5
1096 1153 210
1096 1096 25
1096 25 10
1096 329 5
56 286 20
815 1035 50
815 25 50
815 1112 10
815 1051 5
815 61 5
96 863 80
96 25 70
96 1051 20
96 86 15
96 96 10
96 321 10
96 532 5
96 61 5
96 1112 5
96 52 5
96 266 5
96 15 5
266 532 80
266 25 55
266 96 15
266 266 10
266 863 10
266 15 5
266 321 5
266 52 5
266 86 5
1112 1051 55
86 321 50
86 25 35
86 863 5
86 1035 5
86 15 5
86 96 5
86 52 5
86 61 5
929 1028 25
929 25 15
929 848 5
292 848 70
292 292 15
292 52 10
292 25 10
292 144 5
292 61 5
292 283 5
853 334 75
853 848 60
853 25 15
853 52 10
853 61 5
1086 1070 25
1086 25 15
1086 848 5
289 25 95
289 1043 80
289 289 45
289 830 30
289 296 20
289 320 15
289 78 15
289 90 10
289 69 10
289 52 10
289 447 5
289 61 5
289 422 5
289 1129 5
289 26 5
136 136 60
136 274 45
136 514 35
136 61 30
136 137 30
136 25 270
136 995 210
136 827 20
136 713 20
136 66 15
136 947 15
136 59 15
136 58 15
136 46 10
136 52 10
136 49 10
136 45 10
136 101 5
49 274 55
49 25 45
49 49 30
49 136 15
49 995 15
49 52 10
49 66 10
49 61 5
189 584 20
142 61 55
142 1055 30
142 413 30
142 797 270
142 52 25
142 471 20
142 372 20
142 25 165
142 19 165
142 142 135
142 64 130
142 408 10
142 326 10
142 403 10
142 15 10
142 457 5
142 97 5
142 189 5
142 1059 5
142 325 5
142 447 5
325 797 85
325 25 80
325 1023 570
325 81 35
325 325 165
325 142 125
325 326 105
325 526 15
325 1055 10
325 52 10
325 19 10
325 527 10
325 61 10
325 471 5
325 64 5
325 413 5
325 311 5
326 471 20
526 25 45
526 64 30
526 527 160
526 526 15
526 19 15
526 471 10
526 61 10
526 52 10
526 326 5
526 142 5
525 1004 40
525 25 25
525 940 5
525 61 5
940 813 25
940 1004 5
522 1097 20
936 937 20
45 45 45
45 46 35
45 873 25
45 514 25
45 58 20
45 25 195
45 713 100
45 52 15
45 61 15
45 59 15
45 137 15
45 346 10
45 15 5
45 592 5
346 137 30
346 346 20
346 45 15
346 25 15
346 52 10
346 713 10
346 61 5
1164 951 30
38 332 20
524 9 60
524 25 35
524 524 10
524 52 10
524 61 10
524 410 5
410 557 85
410 25 40
410 582 10
410 61 5
410 9 5
410 109 5
410 144 5
8 728 45
8 25 25
8 9 5
8 1061 5
1118 422 10
1118 52 10
1118 101 10
1118 1118 5
184 25 50
184 1150 20
184 1091 105
184 185 15
184 61 10
184 1152 10
184 184 10
184 1085 5
184 350 5
185 1150 90
185 25 10
185 570 5
1085 1152 20
536 537 65
536 655 60
536 25 60
536 1087 470
536 1104 35
536 536 20
536 52 10
536 61 10
536 597 5
655 1104 325
655 25 25
655 536 20
655 52 10
655 15 10
655 158 10
655 655 5
382 1032 40
382 25 20
382 61 5
382 952 5
952 488 20
474 802 25
474 25 15
474 61 5
474 198 5
302 988 80
302 52 10
302 302 5
302 25 5
302 61 5
198 791 50
198 198 30
198 97 20
198 25 5
931 850 35
931 931 30
931 144 20
931 52 10
931 816 5
931 817 5
850 144 10
850 25 10
850 817 5
850 816 5
816 817 20
507 128 20
177 25 50
177 128 35
177 415 185
177 177 15
177 52 10
177 507 10
177 61 5
948 949 20
495 25 30
495 1099 25
495 948 15
495 495 15
495 52 10
495 949 5
495 61 5
230 25 50
230 169 40
230 342 25
230 53 20
230 495 15
230 230 15
230 61 5
230 44 5
342 53 90
342 25 75
342 486 20
342 90 15
342 230 15
342 61 10
342 52 10
342 188 5
342 342 5
342 169 5
342 126 5
342 703 5
126 126 70
126 703 310
126 189 25
126 161 25
126 25 130
126 53 15
126 37 15
126 3 15
126 342 15
126 593 5
126 61 5
779 1 50
779 25 10
779 372 5
779 288 5
779 88 5
779 671 5
779 287 5
896 897 20
686 317 20
435 875 20
140 88 45
140 140 45
140 1 35
140 61 30
140 25 20
140 44 15
140 15 15
140 280 5
140 422 5
140 3 5
140 37 5
1057 217 20
1057 565 20
1101 1038 40
1101 97 20
1101 25 20
647 484 45
647 25 15
647 52 10
595 350 40
595 25 20
595 729 125
595 52 15
595 595 15
595 15 5
595 101 5
595 269 5
595 61 5
542 842 20
719 720 25
719 25 5
835 836 20
835 25 5
835 872 5
872 786 35
872 25 15
872 836 5
57 699 55
57 57 15
57 52 10
57 25 10
57 101 5
57 61 5
360 360 90
360 25 85
360 61 20
360 954 195
360 15 15
360 52 15
360 798 15
360 42 15
360 458 15
360 581 10
360 1096 10
360 350 5
360 101 5
360 590 5
590 591 25
590 25 5
151 599 20
151 25 5
151 151 5
904 1064 60
904 904 5
904 25 5
909 422 15
909 909 15
909 101 15
909 69 15
909 1068 15
909 52 10
909 1173 10
909 25 10
909 61 10
909 695 5
909 447 5
545 546 50
545 25 20
545 545 10
1095 860 25
1095 25 15
1095 61 5
1095 859 5
859 24 40
859 25 30
859 860 10
66 67 60
66 66 55
66 25 45
66 52 15
66 61 15
66 765 15
66 372 10
66 15 5
66 790 5
578 579 40
578 25 25
578 286 5
578 706 5
578 56 5
790 765 20
821 347 35
821 25 10
821 821 5
821 15 5
821 52 5
303 1060 80
303 799 15
303 25 10
303 1034 5
114 847 40
114 25 25
114 1060 5
114 114 5
114 42 5
114 61 5
114 303 5
143 85 95
143 25 820
143 188 55
143 612 45
143 128 45
143 311 40
143 139 40
143 11 360
143 268 310
143 135 35
143 44 35
143 15 30
143 179 30
143 333 30
143 415 30
143 143 275
143 181 210
143 97 25
143 13 25
143 50 25
143 252 25
143 19 20
143 61 20
143 778 20
143 688 20
143 401 1570
143 161 120
143 105 15
143 36 15
143 117 15
143 177 15
143 486 15
143 52 15
143 195 10
143 444 10
143 856 10
143 193 10
143 616 10
143 81 10
143 93 10
143 121 10
143 130 10
143 269 10
143 144 10
143 101 10
143 248 10
143 70 5
143 731 5
143 422 5
143 90 5
143 990 5
143 369 5
143 5 5
143 194 5
143 3 5
143 227 5
143 436 5
143 104 5
143 233 5
143 283 5
135 405 90
135 401 55
135 400 40
135 85 40
135 25 260
135 179 245
135 143 25
135 778 20
135 3 20
135 128 20
135 15 20
135 11 120
135 135 110
135 52 15
135 336 15
135 12 15
135 5 15
135 161 15
135 130 10
135 193 10
135 61 5
135 131 5
135 225 5
135 283 5
135 50 5
85 268 80
85 401 65
85 11 530
85 311 45
85 50 45
85 5 30
85 101 30
85 85 240
85 25 215
85 97 25
85 19 25
85 52 25
85 209 20
85 182 20
85 15 20
85 117 15
85 143 15
85 73 10
85 61 10
85 731 10
85 195 10
85 856 10
85 990 10
85 194 5
85 369 5
85 179 5
85 181 5
400 11 50
400 25 45
400 85 25
400 52 25
400 405 135
400 179 10
400 400 5
400 15 5
688 612 70
688 25 30
688 61 15
688 52 10
688 11 10
688 688 5
454 1129 35
454 289 20
454 25 15
454 454 10
454 1043 10
454 52 10
454 61 5
12 13 60
12 336 340
12 25 315
12 139 35
12 871 30
12 444 20
12 616 20
12 778 20
12 252 20
12 12 135
12 131 125
12 225 105
12 128 15
12 15 10
12 193 10
12 269 10
12 130 10
12 52 10
12 182 5
12 61 5
225 225 75
225 13 35
225 52 30
225 131 230
225 25 110
225 15 15
225 97 15
225 871 15
225 12 15
225 336 10
225 19 10
225 93 10
225 61 5
225 101 5
225 870 5
225 105 5
870 871 50
870 61 15
870 25 15
870 52 10
870 131 5
870 870 5
3 25 935
3 401 85
3 44 80
3 188 75
3 440 70
3 128 60
3 61 55
3 15 50
3 3 400
3 921 40
3 50 300
3 101 30
3 52 30
3 11 30
3 415 30
3 876 25
3 19 25
3 268 20
3 439 20
3 778 20
3 60 20
3 486 20
3 85 20
3 181 185
3 161 1585
3 5 100
3 278 15
3 258 15
3 90 15
3 117 15
3 144 15
3 485 15
3 938 10
3 639 10
3 269 10
3 130 10
3 291 10
3 177 10
3 33 10
3 38 10
3 36 10
3 568 10
3 260 10
3 193 10
3 257 10
3 979 10
3 189 5
3 195 5
3 369 5
3 669 5
3 111 5
3 640 5
3 170 5
3 69 5
3 194 5
3 233 5
3 436 5
3 613 5
3 283 5
3 311 5
308 876 50
308 25 20
308 210 5
308 308 5
308 61 5
210 210 80
210 25 35
210 101 20
210 440 175
210 731 15
210 51 10
210 35 5
210 422 5
210 61 5
210 52 5
210 1025 5
210 15 5
5 50 920
5 505 90
5 320 65
5 296 50
5 311 50
5 85 50
5 25 485
5 5 435
5 209 45
5 166 40
5 101 30
5 822 30
5 830 30
5 15 25
5 78 20
5 61 20
5 3 20
5 97 20
5 242 195
5 161 145
5 11 140
5 268 135
5 368 130
5 51 15
5 52 15
5 19 15
5 439 10
5 143 10
5 731 5
5 1025 5
5 79 5
5 568 5
5 229 5
5 42 5
5 458 5
5 26 5
5 284 5
170 25 50
170 3 25
170 257 105
170 170 15
170 52 10
170 757 10
170 161 5
170 61 5
170 731 5
668 743 100
668 668 15
668 25 5
668 350 5
439 25 40
439 439 30
439 51 25
439 50 25
439 921 115
439 52 10
439 61 10
439 5 5
445 23 700
445 122 75
445 25 400
445 54 40
445 452 35
445 128 30
445 445 240
445 580 20
445 778 20
445 537 195
445 269 100
445 686 15
445 317 15
445 519 10
445 130 10
445 550 10
445 79 10
445 15 10
445 408 10
445 1049 10
445 19 10
445 193 10
445 278 10
445 188 10
445 1168 5
445 61 5
445 1052 5
231 445 80
231 54 435
231 269 35
231 25 235
231 778 20
231 23 190
231 231 145
231 193 10
231 452 10
231 128 10
231 15 10
231 130 10
231 61 5
580 25 90
580 23 30
580 122 215
580 580 125
580 686 15
580 537 15
580 158 15
580 445 10
580 413 10
580 61 5
580 317 5
738 739 20
68 25 35
68 368 100
68 52 15
68 5 10
68 50 5
68 15 5
68 68 5
68 61 5
822 505 50
822 25 15
822 52 10
822 822 10
822 61 5
822 50 5
1107 119 20
515 823 20
366 1155 75
366 959 50
366 366 45
366 823 40
366 61 25
366 496 20
366 121 20
366 25 105
366 15 15
366 248 10
366 52 10
366 868 10
366 515 10
366 454 10
366 81 5
366 291 5
366 620 5
366 1129 5
366 120 5
620 621 35
620 1073 20
620 25 10
620 959 5
78 90 80
78 188 75
78 278 70
78 296 70
78 320 675
78 69 35
78 166 30
78 26 30
78 25 220
78 111 25
78 486 25
78 44 20
78 167 20
78 78 120
78 667 15
78 774 10
78 79 5
78 447 5
78 284 5
78 422 5
79 166 20
160 376 20
323 431 20
1063 376 20
656 554 30
656 1181 20
656 656 15
656 52 10
656 144 5
656 25 5
656 61 5
656 101 5
448 409 40
448 25 15
448 554 5
125 376 20
513 429 40
513 25 15
513 61 15
513 52 10
513 513 10
513 1103 5
513 807 5
512 807 65
512 25 10
512 513 5
419 420 55
419 25 15
419 218 5
156 156 90
156 1024 45
156 25 30
156 44 15
156 69 15
156 188 10
156 61 5
194 25 65
194 61 30
194 194 20
194 50 20
194 990 150
194 11 10
194 52 10
194 85 10
194 195 5
194 369 5
194 5 5
194 647 5
369 369 85
369 11 80
369 50 65
369 195 515
369 61 40
369 311 40
369 25 200
369 268 165
369 5 15
369 85 15
369 52 10
369 101 5
369 647 5
581 954 45
581 581 40
581 42 30
581 360 25
581 52 25
581 15 25
581 798 140
581 25 100
581 61 15
581 148 15
41 591 50
41 530 25
41 61 20
41 645 110
41 41 15
41 25 10
41 42 5
41 422 5
41 582 5
287 880 55
287 25 40
287 287 30
287 61 15
287 424 15
287 59 15
287 514 10
287 338 10
287 52 10
287 671 10
287 545 5
287 288 5
338 671 65
338 25 35
338 288 15
338 338 15
338 52 10
338 880 5
338 339 5
338 61 5
288 818 60
288 25 50
288 339 150
288 59 15
288 671 15
288 287 15
288 880 15
288 1165 10
288 52 10
288 1109 5
288 61 5
288 288 5
288 514 5
1169 803 20
251 13 55
251 534 45
251 607 325
251 25 320
251 92 35
251 128 25
251 444 20
251 616 20
251 139 20
251 252 20
251 778 20
251 273 185
251 251 135
251 533 15
251 193 10
251 15 10
251 323 10
251 129 10
251 61 10
251 130 10
251 269 10
251 180 10
251 52 5
251 81 5
129 207 60
129 129 50
129 336 50
129 15 35
129 273 30
129 206 30
129 25 230
129 778 20
129 131 20
129 180 180
129 225 10
129 193 10
129 130 10
129 431 10
129 251 5
129 61 5
129 607 5
129 269 5
129 12 5
92 25 65
92 273 145
92 251 15
92 52 15
92 15 15
92 92 15
92 101 15
92 93 10
92 105 5
92 19 5
92 97 5
92 607 5
206 25 35
206 273 25
206 92 20
206 207 120
206 180 5
533 534 50
533 61 15
533 25 15
533 52 10
533 273 5
533 533 5
487 202 60
487 25 45
487 201 10
487 487 5
487 61 5
487 66 5
201 430 75
201 25 55
201 201 15
201 202 10
201 66 10
201 487 5
1074 918 20
36 25 955
36 128 95
36 188 90
36 85 75
36 61 65
36 36 590
36 161 55
36 11 55
36 44 50
36 19 50
36 143 50
36 278 50
36 101 50
36 5 45
36 466 40
36 268 380
36 486 35
36 15 35
36 415 30
36 117 30
36 52 30
36 3 25
36 310 20
36 778 20
36 856 20
36 181 1720
36 311 125
36 401 100
36 507 15
36 258 15
36 177 10
36 97 10
36 144 10
36 229 10
36 38 10
36 130 10
36 731 10
36 13 10
36 356 10
36 193 10
36 568 10
36 260 10
36 50 10
36 139 10
36 182 10
36 227 5
36 436 5
36 283 5
36 81 5
36 458 5
36 457 5
36 111 5
36 269 5
36 69 5
36 233 5
36 90 5
36 284 5
36 73 5
36 42 5
36 105 5
311 731 80
311 52 70
311 25 515
311 209 55
311 117 50
311 311 440
311 97 40
311 36 30
311 101 25
311 85 20
311 61 20
311 242 190
311 15 125
311 181 125
311 268 1050
311 610 15
311 11 15
311 19 15
311 401 10
311 310 10
311 356 10
311 42 10
311 13 10
311 458 10
311 1025 5
311 143 5
311 332 5
311 105 5
311 562 5
311 229 5
311 35 5
310 25 45
310 310 35
310 51 25
310 268 20
310 466 115
310 52 10
310 61 10
310 311 5
310 372 5
457 408 20
227 945 20
594 649 40
594 25 25
594 777 10
594 594 5
594 401 5
594 528 5
777 994 40
777 25 15
777 11 10
777 649 5
375 376 20
37 37 930
37 25 735
37 44 55
37 15 50
37 938 50
37 725 50
37 188 50
37 236 50
37 61 45
37 128 45
37 101 40
37 965 40
37 485 35
37 613 30
37 415 30
37 1007 30
37 332 25
37 71 25
37 161 25
37 507 20
37 778 20
37 291 20
37 3 20
37 36 20
37 110 20
37 593 1995
37 390 190
37 731 15
37 33 15
37 63 15
37 52 15
37 193 10
37 144 10
37 177 10
37 269 10
37 130 10
37 610 10
37 181 10
37 1116 5
37 340 5
37 955 5
37 422 5
37 1025 5
37 597 5
37 378 5
37 189 5
37 117 5
37 164 5
37 502 5
37 283 5
37 38 5
37 1144 5
378 378 40
378 593 35
378 101 25
378 52 20
378 3 20
378 725 135
378 25 100
378 37 10
378 731 10
378 161 10
378 15 10
378 507 5
378 61 5
378 128 5
163 566 40
163 25 15
163 380 5
163 163 5
163 164 5
1007 965 135
1007 52 10
1007 1007 5
60 25 95
60 60 45
60 161 40
60 15 20
60 1177 130
60 257 15
60 757 10
60 52 10
60 756 10
60 170 10
60 3 10
60 61 5
236 52 10
236 236 5
756 757 60
756 25 25
756 60 20
756 756 5
380 164 55
380 25 20
380 61 10
380 100 5
340 37 95
340 164 55
340 340 45
340 1116 385
340 380 35
340 100 30
340 422 20
340 33 20
340 25 155
340 593 140
340 732 110
340 52 10
340 61 10
340 71 10
340 161 10
340 566 10
340 390 10
340 15 5
340 38 5
100 25 45
100 100 20
100 732 180
100 3 15
100 61 10
100 101 10
100 52 10
100 164 5
269 269 75
269 25 55
269 350 25
269 64 25
269 256 20
269 452 145
269 457 15
269 413 15
269 408 15
269 879 15
269 762 10
269 52 10
269 628 10
269 61 5
269 945 5
269 270 5
269 301 5
256 301 65
256 25 25
256 452 5
406 465 20
1183 788 20
586 25 65
586 768 35
586 44 20
586 15 10
586 52 10
586 586 5
1081 1082 20
509 974 25
509 25 20
509 509 10
509 1081 5
509 61 5
228 229 65
228 25 25
228 228 15
228 349 15
228 61 10
228 52 10
228 332 5
228 886 5
349 886 65
349 25 50
349 228 15
349 349 10
349 52 5
349 184 5
349 350 5
349 61 5
349 229 5
349 15 5
349 395 5
329 330 20
379 744 20
991 701 20
899 787 20
1027 21 20
178 32 20
97 1038 80
97 97 70
97 461 50
97 19 395
97 508 30
97 13 30
97 25 260
97 226 25
97 61 20
97 52 20
97 15 10
97 101 10
97 98 10
97 134 5
97 695 5
97 144 5
97 666 5
97 142 5
97 93 5
97 64 5
97 105 5
97 7 5
97 892 5
97 570 5
97 158 5
658 653 65
658 25 60
658 97 20
658 19 15
658 658 10
658 52 10
658 61 5
570 226 45
570 61 15
570 570 15
570 52 10
570 25 10
570 101 5
648 1055 55
648 648 10
648 52 10
648 25 5
648 61 5
648 326 5
666 1059 100
666 25 15
666 61 10
666 666 10
666 52 10
666 19 5
695 1068 55
695 25 35
695 52 10
695 695 10
695 61 5
224 1133 40
224 101 5
224 25 5
73 25 30
73 1124 30
73 19 20
73 61 15
73 52 15
73 73 5
73 323 5
73 15 5
587 403 25
587 52 10
587 61 5
587 587 5
395 707 85
395 395 15
395 25 15
395 52 10
395 61 5
395 886 5
242 1015 35
242 242 105
242 911 15
242 61 10
242 52 10
242 25 5
242 1091 5
242 184 5
242 642 5
242 228 5
242 422 5
111 278 205
111 173 25
111 111 25
111 521 25
111 61 20
111 174 20
111 25 185
111 272 15
111 841 10
111 138 5
111 229 5
111 158 5
138 25 90
138 932 165
138 111 15
138 138 5
138 61 5
138 431 5
138 444 5
138 97 5
138 139 5
138 616 5
138 278 5
272 272 55
272 242 40
272 521 315
272 932 20
272 111 20
272 25 140
272 278 10
272 117 5
272 61 5
272 173 5
272 975 5
272 74 5
272 174 5
272 101 5
272 610 5
173 25 70
173 77 40
173 174 115
173 74 15
173 975 10
173 61 5
173 278 5
74 975 80
74 75 40
74 25 20
74 174 5
254 841 40
254 25 20
254 530 20
254 61 20
254 254 5
254 1000 5
1000 77 35
1000 25 15
1000 1001 5
1000 61 5
1001 75 30
888 25 80
888 793 210
888 52 25
888 15 25
888 825 20
888 181 10
888 278 10
888 888 10
888 161 10
888 54 10
888 36 5
888 1042 5
888 3 5
1042 825 30
1042 25 25
1042 793 10
283 511 20
335 770 55
335 25 50
335 944 15
335 1037 10
335 61 10
335 335 10
335 810 10
335 920 5
920 1037 20
920 52 10
920 920 10
920 61 5
944 810 40
944 944 20
944 25 15
944 1037 15
944 770 5
314 354 25
1094 950 40
933 348 40
928 638 75
928 558 25
928 388 25
928 928 5
644 644 55
644 730 200
644 25 10
644 150 5
388 345 30
388 644 10
388 388 10
388 25 10
388 61 5
531 531 25
531 930 20
531 453 155
531 25 15
531 61 5
531 935 5
531 473 5
558 986 30
558 25 15
558 558 10
558 531 10
558 61 5
930 473 90
930 25 10
930 150 5
930 930 5
150 682 30
150 150 25
150 603 15
150 52 10
150 101 10
1119 1120 20
26 296 720
26 774 65
26 90 45
26 25 320
26 26 300
26 667 35
26 599 35
26 69 25
26 283 25
26 15 25
26 27 20
26 1002 20
26 520 20
26 89 15
26 885 15
26 61 15
26 52 15
26 44 15
26 422 10
26 218 10
26 428 5
26 188 5
26 543 5
26 291 5
26 350 5
26 544 5
26 167 5
26 1074 5
26 427 5
26 156 5
26 151 5
26 144 5
26 803 5
26 297 5
26 1047 5
89 654 35
89 25 35
89 89 125
89 15 10
89 296 5
89 90 5
427 428 20
427 25 5
427 427 5
814 678 80
814 25 65
814 496 20
814 61 15
814 52 10
814 677 5
814 81 5
814 1077 5
814 15 5
814 814 5
677 733 35
677 1073 20
677 25 15
677 678 5
1077 1159 20
520 520 35
520 61 30
520 530 20
520 698 20
520 667 135
520 25 15
520 52 10
520 399 10
520 101 5
520 26 5
27 885 80
27 296 40
27 25 20
27 283 5
27 90 5
192 192 95
192 25 70
192 889 50
192 414 220
192 778 20
192 130 10
192 229 10
192 15 10
192 193 10
192 34 10
192 311 5
192 269 5
192 90 5
192 228 5
192 61 5
192 69 5
192 268 5
34 25 95
34 242 75
34 34 45
34 101 20
34 889 180
34 414 15
34 192 15
34 117 10
34 35 5
34 372 5
543 544 20
543 543 5
543 25 5
460 461 50
460 25 30
460 97 20
460 776 15
460 460 5
562 176 65
562 25 5
562 1161 5
776 508 20
776 25 10
776 97 5
855 1083 45
855 25 5
855 52 5
855 15 5
356 996 40
356 25 35
356 61 20
356 356 10
356 1163 5
356 884 5
356 97 5
356 19 5
884 1163 20
609 25 40
609 574 185
609 350 15
609 61 10
609 609 10
609 219 5
609 567 5
567 25 55
567 19 20
567 675 130
567 350 15
567 567 10
567 386 10
567 61 5
567 574 5
386 785 65
386 25 55
386 98 15
386 249 10
386 134 5
386 675 5
386 386 5
386 61 5
219 25 85
219 609 30
219 462 30
219 663 225
219 675 25
219 574 25
219 219 20
219 982 15
219 350 15
219 90 10
219 249 10
219 785 10
219 44 10
219 589 10
219 685 5
219 436 5
219 61 5
219 188 5
462 25 90
462 657 145
462 350 15
462 567 15
462 249 10
462 462 10
462 61 5
462 663 5
462 675 5
462 785 5
249 250 65
249 25 35
249 249 25
249 386 15
249 785 5
249 657 5
684 925 25
684 25 15
684 61 5
684 685 5
685 982 25
685 25 20
685 598 10
685 61 5
685 685 5
685 570 5
685 1176 5
1176 598 20
42 458 20
993 901 20
1168 966 20
363 363 75
363 364 385
363 422 25
363 25 10
363 447 5
363 597 5
62 63 70
62 31 60
62 62 50
62 21 45
62 1027 35
62 918 30
62 424 30
62 1074 30
62 69 20
62 496 20
62 788 20
62 61 20
62 25 170
62 805 110
62 561 15
62 1092 10
62 693 10
62 465 10
62 406 10
62 52 10
62 291 5
62 1062 5
62 674 5
674 1029 35
674 1073 20
674 25 15
674 805 5
31 106 35
31 178 20
31 25 15
31 32 10
31 31 5
1062 1092 20
1026 199 20
478 479 65
478 25 5
755 905 20
70 188 80
70 70 670
70 128 55
70 64 50
70 101 45
70 458 45
70 166 40
70 19 40
70 291 40
70 44 30
70 144 30
70 372 235
70 25 220
70 79 20
70 270 20
70 226 20
70 699 20
70 186 20
70 15 190
70 61 160
70 182 15
70 413 15
70 486 15
70 670 15
70 993 15
70 1091 15
70 229 15
70 280 15
70 284 15
70 457 15
70 422 10
70 969 10
70 762 10
70 568 10
70 52 10
70 65 10
70 1144 10
70 857 10
70 937 10
70 447 10
70 349 10
70 1075 10
70 42 10
70 81 10
70 507 10
70 1026 10
70 896 5
70 814 5
70 51 5
70 162 5
70 199 5
70 886 5
70 936 5
70 57 5
70 323 5
70 856 5
70 158 5
70 97 5
70 395 5
70 669 5
70 801 5
70 228 5
70 299 5
70 570 5
70 184 5
70 431 5
761 528 20
971 1003 35
971 25 20
971 280 10
971 61 5
971 535 5
971 971 5
535 745 60
535 25 15
535 535 10
535 416 5
535 61 5
416 417 90
416 25 20
416 745 5
829 830 20
829 829 5
829 25 5
1047 28 20
167 774 115
167 167 15
167 667 10
167 61 10
167 52 10
167 25 5
399 698 45
399 25 35
399 399 20
399 774 15
399 61 10
399 52 10
399 167 5
399 15 5
139 139 85
139 61 65
139 13 360
139 856 25
139 25 105
139 52 15
139 431 10
139 85 5
139 105 5
139 182 5
139 323 5
139 15 5
80 25 95
80 80 55
80 589 30
80 81 30
80 218 215
80 61 25
80 52 15
80 420 15
80 101 10
80 419 10
80 15 5
80 856 5
80 233 5
80 422 5
80 1144 5
500 1130 20
960 632 20
582 109 20
108 706 90
108 25 55
108 108 45
108 109 15
108 61 15
108 578 15
108 52 10
108 582 5
734 735 45
734 849 25
734 734 10
734 25 5
51 25 40
51 51 25
51 568 160
51 61 15
51 52 10
51 350 5
1140 7 25
1140 52 10
1140 61 5
1140 101 5
1140 1140 5
661 451 40
661 25 10
661 350 10
450 1014 35
450 25 15
450 484 10
450 451 5
518 161 45
518 50 30
518 25 30
518 344 140
518 921 15
518 451 10
1093 384 20
58 58 50
58 25 45
58 827 20
58 592 120
58 61 15
58 59 15
58 52 10
58 514 5
58 45 5
58 101 5
516 25 90
516 516 35
516 778 20
516 633 160
516 626 15
516 482 15
516 130 10
516 193 10
516 15 10
516 61 10
516 229 5
516 90 5
516 269 5
626 626 35
626 482 250
626 242 25
626 25 130
626 516 15
626 176 15
626 562 15
626 189 10
626 61 5
626 372 5
864 700 20
616 444 85
616 25 10
603 704 20
205 1053 20
984 916 20
689 107 20
1121 953 20
305 1048 20
726 727 20
839 840 20
341 563 20
103 912 20
1011 1100 20
98 98 20
98 134 105
98 52 10
98 233 5
98 61 5
98 25 5
98 101 5
209 209 60
209 25 60
209 98 335
209 52 30
209 19 20
209 456 175
209 134 15
209 61 10
209 15 10
209 97 5
209 233 5
69 90 20
438 589 55
438 25 40
438 783 100
438 420 5
438 1024 5
1178 924 20
748 749 20
539 691 20
763 1041 20
763 763 5
763 25 5
1136 1125 20
1110 604 20
856 182 20
358 25 30
358 387 25
358 358 15
358 61 10
358 52 10
358 228 10
358 886 5
358 229 5
358 19 5
59 25 65
59 514 60
59 603 20
59 704 20
59 59 5
843 650 20
843 52 10
843 61 5
843 843 5
20 55 95
20 746 80
20 569 75
20 945 70
20 681 65
20 20 405
20 583 400
20 824 45
20 63 40
20 372 40
20 25 350
20 985 35
20 275 30
20 425 30
20 458 30
20 788 20
20 69 20
20 1149 20
20 291 20
20 561 20
20 144 20
20 778 165
20 538 130
20 90 100
20 918 15
20 52 15
20 21 10
20 457 10
20 1074 10
20 15 10
20 156 10
20 424 10
20 969 10
20 465 10
20 406 10
20 1027 5
20 582 5
20 1025 5
20 408 5
20 61 5
20 189 5
20 642 5
20 693 5
20 81 5
20 188 5
20 252 5
20 283 5
1131 968 20
1131 25 5
1131 1131 5
425 746 80
425 583 35
425 25 20
425 52 10
425 55 10
425 425 10
425 61 5
425 538 5
425 20 5
1030 1123 45
1030 1030 20
1030 25 10
55 55 60
55 52 45
55 15 45
55 538 340
55 94 25
55 276 20
55 25 140
55 1172 15
55 56 15
55 286 10
55 422 10
55 569 5
55 702 5
276 917 95
276 25 35
276 276 25
276 1030 20
276 538 10
276 61 5
569 318 45
569 569 20
569 178 15
569 32 15
569 25 15
569 52 10
569 61 5
275 20 35
275 702 35
275 583 20
275 985 150
275 275 125
275 681 115
275 25 105
275 63 15
275 94 15
275 778 10
275 350 5
275 538 5
275 101 5
275 61 5
275 276 5
275 917 5
275 582 5
275 824 5
824 25 35
824 1149 135
824 824 10
824 42 5
824 52 5
824 15 5
794 740 55
794 794 15
794 995 10
794 25 10
794 52 10
794 61 5
794 136 5
794 287 5
240 157 20
680 751 20
680 25 10
94 55 65
94 917 65
94 94 60
94 63 30
94 25 275
94 702 270
94 681 25
94 538 170
94 275 15
94 422 15
94 276 15
94 803 10
94 52 10
94 15 10
94 981 5
94 61 5
94 447 5
981 983 35
981 25 15
981 702 5
992 25 35
992 752 35
992 496 20
992 61 15
992 52 10
992 992 5
992 397 5
397 398 35
397 1073 20
397 25 15
397 752 5
627 628 45
627 25 40
627 235 30
627 52 15
627 627 10
627 762 5
627 291 5
627 269 5
627 422 5
627 15 5
186 25 15
186 317 10
186 372 10
186 52 10
186 101 10
186 186 5
186 144 5
186 686 5
837 1 20
837 88 10
939 939 45
939 52 10
907 943 25
907 750 25
907 907 20
907 893 20
907 919 5
907 939 5
1036 907 35
1036 1039 20
1036 459 10
1036 750 10
298 217 20
298 1137 20
298 17 20
298 883 20
298 103 20
298 30 20
455 1 45
455 88 40
455 36 25
455 61 15
455 83 15
455 181 10
455 25 5
455 455 5
781 1 30
781 88 10
781 181 10
781 25 5
781 36 5
267 268 70
267 1 65
267 36 55
267 88 35
267 311 30
267 25 25
267 181 160
267 61 10
267 267 10
267 44 5
890 1 50
890 161 15
890 88 15
890 36 10
890 181 10
890 3 10
890 25 10
890 5 5
890 311 5
588 1 495
588 88 35
588 588 20
588 61 140
588 15 130
588 83 5
766 17 20
766 103 20
766 217 20
766 30 20
760 1 40
760 88 15
760 25 10
760 649 5
760 761 5
760 143 5
154 155 20
281 1 55
281 37 25
281 15 15
281 593 15
281 236 10
281 88 5
281 25 5
502 52 20
502 502 15
502 1007 10
502 37 10
441 1 40
441 25 5
441 60 5
441 88 5
441 83 5
481 732 35
481 25 35
481 1 35
481 340 25
481 1116 20
481 164 10
481 88 10
481 100 5
481 83 5
481 161 5
481 481 5
481 380 5
492 88 50
492 1 40
492 164 30
492 61 25
492 25 20
492 100 10
492 380 5
255 301 55
255 1 35
255 1075 20
255 83 10
255 256 5
255 88 5
255 25 5
961 1 40
961 1075 20
961 88 10
961 452 5
961 25 5
961 83 5
961 269 5
25 222 20
718 1108 20
1106 502 25
724 965 55
724 593 45
724 502 125
724 724 15
724 37 10
724 597 10
861 502 85
861 965 50
861 593 115
861 37 10
861 236 5
861 861 5
480 502 20
480 480 15
480 597 10
402 1152 75
402 61 45
402 25 30
402 402 20
402 1 105
402 403 15
402 707 15
402 349 15
402 83 10
402 88 10
402 184 5
402 587 5
402 886 5
1013 1 30
1013 88 15
1013 280 10
1013 25 5
673 97 20
673 25 10
673 52 10
673 158 10
673 372 10
673 64 10
673 673 5
673 209 5
831 88 25
831 1 20
831 83 15
831 456 10
831 19 5
0 1 35
0 278 15
0 25 10
0 88 5
0 111 5
0 521 5
241 521 40
241 311 35
241 1 30
241 278 30
241 25 10
241 268 10
241 36 5
241 111 5
241 88 5
241 101 5
241 181 5
504 1 90
504 521 55
504 181 35
504 25 35
504 311 30
504 36 25
504 88 20
504 403 20
504 272 10
504 268 10
504 504 10
504 111 10
504 44 5
504 101 5
504 189 5
306 1 75
306 138 60
306 482 60
306 521 60
306 11 55
306 88 55
306 401 55
306 272 40
306 306 30
306 111 30
306 278 30
306 25 25
306 932 140
306 516 10
306 143 10
306 633 10
306 139 5
271 1 45
271 242 30
271 521 30
271 111 15
271 25 15
271 278 10
271 272 5
271 88 5
618 174 60
618 311 55
618 1 35
618 975 35
618 268 20
618 181 20
618 25 15
618 36 5
618 88 5
618 173 5
76 1 45
76 278 25
76 111 15
76 254 10
76 88 10
76 841 10
76 25 5
76 77 5
245 923 30
245 561 10
245 15 10
1046 1 35
1046 888 15
1046 88 5
741 1180 70
741 1 30
741 61 30
741 1130 20
741 88 5
741 1179 5
741 25 5
373 25 85
373 182 60
373 1 300
373 181 35
373 273 30
373 414 30
373 88 25
373 856 25
373 373 25
373 36 20
373 913 135
373 61 105
373 15 15
373 607 15
373 13 15
373 311 15
373 34 15
373 192 10
373 19 10
373 83 10
373 280 10
373 251 10
373 889 10
373 92 10
373 128 10
373 268 5
373 1115 5
373 81 5
373 291 5
373 44 5
313 1 90
313 63 85
313 354 75
313 313 55
313 1144 30
313 25 25
313 61 20
313 101 20
313 500 20
313 950 20
313 314 20
313 933 20
313 1175 15
313 348 15
313 1089 10
313 1094 10
313 52 10
313 372 10
313 88 10
313 1128 5
313 1166 5
313 1160 5
313 963 5
499 63 95
499 1 45
499 499 40
499 61 25
499 500 20
499 1130 15
499 88 5
721 1 40
721 88 10
721 388 10
721 25 5
664 1 40
664 25 10
664 88 10
664 558 10
432 1 55
432 3 30
432 88 30
432 25 25
432 296 20
432 432 20
432 5 15
432 161 10
432 280 10
432 50 10
432 44 5
432 61 5
432 667 5
432 26 5
980 1 30
980 26 15
980 25 10
980 296 10
980 88 10
980 83 5
796 88 75
796 1 45
796 296 35
796 83 30
796 25 20
796 26 20
796 167 10
796 774 10
796 144 5
796 61 5
95 1 80
95 88 60
95 95 50
95 311 45
95 25 35
95 181 25
95 36 25
95 280 20
95 403 20
95 889 100
95 83 15
95 414 15
95 268 15
95 44 15
95 35 10
95 34 10
95 97 5
95 19 5
95 61 5
95 188 5
95 192 5
95 15 5
619 619 15
619 967 10
619 52 10
619 245 10
619 244 5
619 555 5
619 1135 5
244 245 20
555 556 20
555 245 15
555 560 10
555 1044 10
555 561 10
555 555 5
1135 556 45
784 1 35
784 25 15
784 663 5
784 609 5
784 88 5
784 574 5
385 675 60
385 785 50
385 1 45
385 25 20
385 609 10
385 88 10
385 567 5
385 386 5
694 1 45
694 982 10
694 88 10
694 663 10
694 219 10
694 609 5
694 574 5
694 684 5
694 25 5
510 1 80
510 181 55
510 25 55
510 663 45
510 249 40
510 36 40
510 311 35
510 785 30
510 574 20
510 657 15
510 268 15
510 44 10
510 609 10
510 88 10
510 462 10
510 675 10
608 1 55
608 574 45
608 181 30
608 25 25
608 785 20
608 311 20
608 36 20
608 88 10
608 675 10
608 44 5
608 609 5
608 268 5
782 1 35
782 88 5
782 219 5
782 25 5
540 1 35
540 219 10
540 88 5
493 663 80
493 25 75
493 1 35
493 250 30
493 249 20
493 609 20
493 785 15
493 657 15
493 493 10
493 88 5
493 386 5
1170 1170 5
556 470 35
556 556 25
556 245 20
556 52 10
470 245 50
470 52 10
470 470 5
470 1103 5
91 1 50
91 42 15
91 88 15
91 91 10
91 61 5
91 458 5
82 1 50
82 25 30
82 83 15
82 280 10
82 88 10
82 101 10
82 252 10
82 90 5
82 539 5
82 69 5
475 1 40
475 62 10
208 350 80
208 15 60
208 235 50
208 208 45
208 175 215
208 52 10
208 101 10
208 42 10
208 209 5
208 98 5
208 422 5
208 562 5
147 103 20
147 217 20
838 838 105
838 52 10
838 422 10
290 1 80
290 156 30
290 589 30
290 90 25
290 291 25
290 69 25
290 88 25
290 25 20
290 454 15
290 15 10
290 61 10
290 1024 10
290 1129 10
290 290 10
290 218 5
290 438 5
290 80 5
611 1 35
611 755 15
611 83 10
611 905 10
611 90 5
611 25 5
87 1 25
87 52 10
87 88 10
87 87 10
87 447 5
87 422 5
87 144 5
565 912 20
672 25 15
672 745 10
672 672 10
253 1 45
253 745 25
253 25 15
253 83 10
253 672 5
253 88 5
253 535 5
253 971 5
315 1 55
315 745 25
315 25 20
315 83 15
315 417 10
315 971 5
315 672 5
315 535 5
315 416 5
315 88 5
844 217 20
844 30 20
844 17 20
844 103 20
282 139 40
282 273 30
282 25 25
282 607 20
282 13 120
282 1 115
282 251 10
282 92 10
282 88 10
282 61 10
282 282 10
282 431 10
282 283 5
282 101 5
1088 154 20
1157 1157 30
1 110 20
1040 1 35
1040 1040 215
1040 61 25
396 1 45
396 83 20
396 25 15
396 960 10
396 88 10
396 632 10
396 542 5
541 1 55
541 632 15
541 960 10
541 542 10
541 286 10
541 25 10
541 56 5
541 842 5
541 280 5
541 61 5
312 30 20
312 17 20
312 217 20
312 103 20
676 1 65
676 286 305
676 109 35
676 799 25
676 25 20
676 88 15
676 676 15
676 582 10
676 1145 10
676 280 10
676 372 5
676 1034 5
676 61 5
676 56 5
359 1 50
359 109 25
359 83 20
359 88 20
359 582 10
359 25 10
359 1145 10
359 56 5
359 280 5
359 286 5
849 849 20
849 52 10
383 166 50
383 383 45
383 52 45
383 15 30
383 61 25
383 422 20
383 568 140
383 384 15
383 25 15
383 51 10
383 597 10
383 79 10
383 101 5
343 1 55
343 61 15
343 25 15
343 661 15
343 88 10
343 451 10
343 343 5
343 344 5
343 647 5
343 280 5
343 518 5
343 161 5
343 3 5
343 450 5
343 1014 5
517 30 20
517 103 20
517 217 20
517 17 20
1127 1165 20
1126 1127 20
304 1 35
304 58 5
304 592 5
304 25 5
304 88 5
328 1 35
328 109 15
328 88 10
328 582 10
328 328 5
328 61 5
16 217 20
16 17 20
16 103 20
16 30 20
1142 217 20
1142 103 20
262 17 20
262 217 20
262 30 20
262 103 20
190 1 25
190 88 20
190 190 15
190 83 5
1090 1 35
1090 286 10
1090 83 5
1090 88 5
1090 61 5
1090 109 5
1090 582 5
1090 25 5
1090 81 5
1090 1090 5
463 833 25
463 893 20
463 52 10
463 61 10
463 144 5
463 597 5
463 235 5
711 446 40
711 88 35
711 1 35
711 25 5
711 233 5
711 144 5
711 101 5
711 83 5
711 422 5
711 109 5
446 742 30
446 293 30
446 446 25
446 957 25
446 463 20
446 144 15
446 1107 10
446 52 10
446 101 10
446 25 5
446 15 5
446 447 5
446 119 5
446 573 5
446 422 5
204 704 50
204 1 50
204 603 15
204 61 10
204 204 5
204 726 5
204 1121 5
204 839 5
204 984 5
204 341 5
204 205 5
204 305 5
204 25 5
204 689 5
204 88 5
145 88 85
145 61 55
145 150 35
145 686 20
145 1 120
145 413 15
145 145 15
145 452 15
145 235 10
145 879 5
145 25 5
145 269 5
145 851 5
1072 1050 20
1050 709 20
1146 1147 20
1008 826 20
826 709 20
411 412 20
716 708 20
708 709 20
914 915 20
433 1 50
433 88 40
433 144 30
433 69 25
433 61 25
433 90 15
433 393 5
433 56 5
407 1 30
407 457 15
407 408 10
407 25 5
407 142 5
407 97 5
1025 252 20
112 61 35
112 1 30
112 109 25
112 113 20
112 88 10
112 582 5
112 422 5
112 372 5
501 1 30
501 88 15
501 83 15
501 109 10
421 604 45
421 25 40
421 1 35
421 61 35
421 421 25
421 1125 25
421 280 15
421 422 10
421 88 10
421 1136 5
421 372 5
421 109 5
421 676 5
421 1110 5
421 582 5
1156 61 5
18 25 80
18 88 50
18 63 45
18 233 35
18 19 30
18 69 25
18 18 20
18 228 20
18 101 20
18 97 20
18 188 20
18 181 20
18 36 20
18 1 185
18 166 15
18 128 15
18 44 15
18 311 15
18 886 10
18 349 10
18 61 10
18 573 10
18 90 10
18 144 10
18 597 10
18 395 10
18 406 5
18 79 5
18 507 5
18 486 5
18 284 5
18 422 5
18 447 5
18 465 5
18 539 5
18 268 5
576 262 85
576 576 80
576 357 60
576 312 55
576 370 35
576 1057 20
576 577 20
576 697 20
576 517 100
576 832 15
576 564 15
576 147 15
576 146 15
576 912 10
576 1114 10
576 477 10
576 651 5
576 1142 5
576 277 5
576 213 5
576 489 5
146 262 825
146 766 80
146 834 60
146 312 360
146 477 35
146 370 35
146 146 25
146 597 20
146 517 1060
146 564 15
146 52 10
146 367 10
146 81 10
146 101 5
146 1130 5
146 715 5
146 852 5
146 832 5
146 291 5
146 147 5
146 447 5
602 101 95
602 755 80
602 246 70
602 602 375
602 61 130
602 516 15
602 574 15
602 335 15
602 3 15
602 26 10
602 25 10
602 20 10
602 47 10
602 1074 10
602 52 10
602 44 10
602 520 10
602 609 10
602 36 10
602 454 10
602 219 10
602 248 5
602 37 5
602 143 5
602 86 5
389 390 35
389 602 35
389 246 235
389 905 20
389 25 20
389 476 160
389 389 115
389 101 10
389 52 10
389 795 10
389 374 5
389 755 5
391 1 80
391 25 40
391 827 35
391 713 25
391 59 15
391 88 15
391 682 10
391 995 10
391 101 10
391 1048 10
391 107 10
391 288 10
391 391 10
391 689 5
391 83 5
391 603 5
391 514 5
391 45 5
404 218 75
404 404 50
404 560 30
404 235 30
404 101 235
404 80 25
404 81 10
404 52 10
404 25 10
404 291 10
404 422 5
404 15 5
246 69 75
246 166 70
246 79 50
246 25 45
246 44 45
246 486 45
246 284 30
246 101 25
246 246 195
246 90 185
246 188 160
246 61 15
246 476 15
246 52 10
246 390 10
246 71 5
246 283 5
476 370 40
476 576 35
476 999 30
476 651 30
476 420 30
476 29 25
476 517 20
476 832 20
476 15 20
476 476 130
476 246 125
476 146 15
476 298 15
476 212 15
476 147 15
476 262 15
476 766 10
476 52 10
476 477 10
476 252 10
476 715 5
476 589 5
476 946 5
476 852 5
476 25 5
476 438 5
476 218 5
476 844 5
464 1 40
464 583 25
464 20 25
464 88 20
464 90 15
464 25 5
641 1 40
641 985 25
641 275 25
641 88 20
641 90 15
641 25 5
239 1 45
239 25 20
239 83 20
239 88 10
239 240 10
239 960 5
239 542 5
467 1 40
467 280 25
467 61 20
467 88 15
1006 1 30
1006 15 5
1006 25 5
1006 702 5
1006 83 5
121 25 20
868 25 20
892 25 20
770 25 20
1037 25 20
810 25 20
600 25 20
767 25 20
1021 25 20
1084 25 20
498 25 20
693 25 20
712 25 20
81 25 20
879 25 20
1010 25 20
286 25 20
1028 25 20
848 25 20
334 25 20
1070 25 20
951 25 20
9 25 20
557 25 20
728 25 20
799 25 20
875 25 20
842 25 20
720 25 20
836 25 20
786 25 20
546 25 20
860 25 20
24 25 20
579 25 20
1060 25 20
847 25 20
119 25 20
823 25 20
959 25 20
621 25 20
554 25 20
409 25 20
803 25 20
918 25 20
408 25 20
945 25 20
465 25 20
788 25 20
330 25 20
744 25 20
701 25 20
787 25 20
21 25 20
32 25 20
511 25 20
1180 25 20
354 25 20
950 25 20
348 25 20
1120 25 20
458 25 20
901 25 20
364 25 20
805 25 20
106 25 20
1029 25 20
1092 25 20
199 25 20
905 25 20
1130 25 20
632 25 20
109 25 20
706 25 20
735 25 20
704 25 20
1053 25 20
916 25 20
107 25 20
953 25 20
1048 25 20
727 25 20
840 25 20
563 25 20
90 25 20
691 25 20
426 25 20
783 25 20
924 25 20
749 25 20
1041 25 20
1125 25 20
604 25 20
583 25 20
968 25 20
746 25 20
1123 25 20
538 25 20
318 25 20
917 25 20
985 25 20
1149 25 20
157 25 20
702 25 20
983 25 20
752 25 20
398 25 20
846 25 20
200 25 20
64 25 20
443 25 20
696 25 20
1052 25 20
1049 25 20
613 25 20
33 25 20
795 25 20
238 25 20
927 25 20
116 25 20
459 25 20
636 25 20
390 25 20
670 25 20
1102 25 20
549 25 20
188 25 20
486 25 20
601 25 20
762 25 20
550 25 20
640 25 20
857 25 20
979 25 20
35 25 20
1035 25 20
863 25 20
532 25 20
1051 25 20
321 25 20
584 25 20
937 25 20
332 25 20
817 25 20
128 25 20
415 25 20
949 25 20
1099 25 20
169 25 20
53 25 20
703 25 20
897 25 20
317 25 20
161 25 20
876 25 20
440 25 20
50 25 20
257 25 20
743 25 20
921 25 20
368 25 20
505 25 20
320 25 20
166 25 20
181 25 20
268 25 20
466 25 20
593 25 20
725 25 20
566 25 20
965 25 20
1177 25 20
757 25 20
164 25 20
1116 25 20
732 25 20
452 25 20
301 25 20
77 25 20
768 25 20
1082 25 20
974 25 20
278 25 20
932 25 20
521 25 20
174 25 20
975 25 20
841 25 20
793 25 20
825 25 20
574 25 20
925 25 20
982 25 20
598 25 20
675 25 20
785 25 20
663 25 20
657 25 20
250 25 20
966 25 20
519 25 20
75 25 20
568 25 20
7 25 20
451 25 20
1014 25 20
344 25 20
384 25 20
134 25 20
456 25 20
537 25 20
751 25 20
628 25 20
491 25 20
997 25 20
828 25 20
365 25 20
772 25 20
891 25 20
995 25 20
274 25 20
947 25 20
713 25 20
137 25 20
46 25 20
880 25 20
339 25 20
671 25 20
202 25 20
430 25 20
592 25 20
873 25 20
514 25 20
650 25 20
740 25 20
484 25 20
729 25 20
699 25 20
1087 25 20
1104 25 20
23 25 20
54 25 20
122 25 20
1009 25 20
637 25 20
926 25 20
1113 25 20
747 25 20
1054 25 20
1056 25 20
1012 25 20
804 25 20
553 25 20
908 25 20
133 25 20
631 25 20
1033 25 20
739 25 20
67 25 20
765 25 20
347 25 20
1019 25 20
865 25 20
105 25 20
858 25 20
333 25 20
124 25 20
1016 25 20
261 25 20
977 25 20
258 25 20
754 25 20
1002 25 20
797 25 20
1023 25 20
471 25 20
527 25 20
1004 25 20
813 25 20
1091 25 20
1150 25 20
1152 25 20
1032 25 20
488 25 20
802 25 20
791 25 20
401 25 20
179 25 20
11 25 20
405 25 20
612 25 20
336 25 20
131 25 20
871 25 20
431 25 20
429 25 20
807 25 20
906 25 20
990 25 20
195 25 20
607 25 20
180 25 20
273 25 20
207 25 20
534 25 20
649 25 20
994 25 20
229 25 20
886 25 20
19 25 20
653 25 20
226 25 20
1055 25 20
1059 25 20
403 25 20
1068 25 20
483 25 20
1133 25 20
1124 25 20
707 25 20
414 25 20
889 25 20
996 25 20
1163 25 20
479 25 20
1065 25 20
528 25 20
13 25 20
444 25 20
182 25 20
148 25 20
1153 25 20
954 25 20
591 25 20
1064 25 20
798 25 20
645 25 20
638 25 20
730 25 20
345 25 20
453 25 20
986 25 20
473 25 20
1003 25 20
745 25 20
417 25 20
428 25 20
1043 25 20
599 25 20
1129 25 20
1024 25 20
296 25 20
654 25 20
678 25 20
1159 25 20
733 25 20
667 25 20
885 25 20
544 25 20
830 25 20
28 25 20
774 25 20
698 25 20
615 25 20
387 25 20
1038 25 20
461 25 20
176 25 20
508 25 20
1083 25 20
633 25 20
482 25 20
759 25 20
988 25 20
700 25 20
1143 25 20
913 25 20
998 25 20
987 25 20
48 25 20
1097 25 20
420 25 20
218 25 20
575 1 35
575 627 15
575 83 5
575 25 5