477 217
477 1137
477 17
477 30
477 103
887 88
887 1
887 887
887 61
887 452
887 235
717 537
717 1
717 83
717 280
717 25
717 970
717 1045
717 696
717 717
717 443
717 88
717 1052
717 158
717 413
442 443
442 1
442 61
442 280
442 88
442 25
1138 759
1138 88
1138 1
1138 25
1138 758
1138 350
1138 61
243 25
243 613
243 88
243 61
243 593
243 161
243 243
243 1
243 485
243 33
243 37
243 280
243 732
243 3
243 938
243 101
221 372
221 1
221 88
221 485
221 221
221 613
221 269
221 101
221 25
221 61
316 1
316 156
316 90
316 589
316 88
316 121
316 248
316 291
316 25
316 81
316 1024
316 438
316 69
316 61
316 316
941 113
941 63
941 52
941 941
277 30
277 103
277 17
277 217
551 1151
551 1
551 116
551 351
551 1009
551 551
551 25
551 352
551 88
551 115
551 172
572 37
572 1
572 1009
572 25
572 88
572 161
572 116
572 593
572 3
572 280
572 83
572 115
572 572
572 172
370 30
370 103
370 264
370 217
370 17
812 1
812 97
812 812
812 25
812 261
812 88
812 19
812 61
812 260
812 258
43 1
43 25
43 88
43 408
43 44
43 945
43 188
43 83
43 856
43 323
43 901
43 182
43 457
43 993
43 431
43 42
972 1
972 25
972 44
972 88
972 188
187 187
187 15
187 44
187 88
187 25
187 188
187 1
187 83
187 37
187 61
187 3
279 1
279 61
279 88
279 280
279 25
989 1
989 88
989 3
989 37
989 83
715 565
715 217
29 217
29 30
29 17
29 103
29 1137
1134 1
1134 58
1134 25
1134 592
1134 88
629 1
629 58
629 592
629 88
629 25
827 827
827 52
827 828
773 1
773 422
1141 1
1141 660
1031 529
1031 40
1031 52
867 529
867 40
867 52
867 867
867 159
867 238
894 529
894 40
894 52
894 101
529 529
529 1058
529 40
529 159
529 52
714 529
714 40
714 52
10 101
10 268
10 311
10 40
10 209
10 25
10 529
10 181
10 159
10 52
10 85
10 182
10 856
10 422
10 233
10 73
10 19
10 11
10 36
10 560
625 529
625 40
625 131
625 625
625 52
625 101
625 225
331 529
331 159
331 209
331 331
331 40
331 101
331 242
331 52
331 51
331 61
331 15
331 233
331 25
331 60
331 458
331 42
331 422
331 560
606 40
606 606
606 529
606 101
606 52
606 440
606 51
606 159
606 560
606 422
606 210
973 529
973 101
973 40
232 40
232 181
232 209
232 159
232 232
232 268
232 401
232 85
232 101
232 242
232 529
232 11
232 97
232 52
232 44
232 61
232 560
232 182
232 311
232 143
232 422
232 458
232 69
232 233
232 42
232 856
232 36
232 25
232 15
127 101
127 40
127 128
127 332
127 529
127 161
127 3
127 507
127 52
127 127
127 189
14 529
14 40
14 101
14 593
14 52
14 507
14 37
14 128
14 15
14 161
14 3
854 529
854 40
854 52
854 101
1076 529
1076 40
1076 25
1076 226
1076 570
1105 529
1105 101
1105 40
1122 40
1122 529
1122 242
1122 52
1122 101
643 40
643 529
643 52
643 422
423 242
423 529
423 101
423 40
423 52
423 159
1005 529
1005 40
39 529
39 40
39 101
39 52
39 189
39 61
963 1186
882 101
259 1
259 712
259 286
259 259
259 61
259 958
259 88
259 109
259 582
259 56
259 561
117 731
52 1182
285 1
285 286
285 56
285 88
285 25
285 561
285 83
285 393
99 1
99 286
99 83
99 56
99 61
99 25
99 109
99 372
99 582
99 88
99 252
367 103
367 217
769 1
769 25
769 321
769 161
769 3
769 5
769 1035
769 88
769 50
769 44
769 815
769 86
265 1051
265 1035
265 1
265 25
265 321
265 815
265 266
265 265
265 532
265 88
265 235
265 96
265 280
265 83
265 86
265 61
437 1
437 25
437 815
437 88
437 83
377 848
377 1
377 19
377 25
377 403
377 280
377 188
377 292
377 1068
377 395
377 999
377 291
377 695
377 349
377 7
377 97
377 229
377 424
377 144
377 886
377 44
377 587
811 1
811 88
811 280
811 83
912 832
956 1
956 88
956 3
623 1
623 88
623 231
472 1
472 88
472 36
449 1
449 88
449 111
1079 1
1079 860
1079 1095
1079 88
1079 859
1079 25
223 1
223 36
223 88
223 25
223 181
223 128
196 1
196 88
196 83
196 325
196 25
141 797
141 25
141 141
141 64
141 142
141 83
141 280
141 61
141 326
141 88
141 1
141 471
141 813
141 372
141 1004
141 97
141 940
141 413
141 525
141 19
866 1
866 45
866 88
101 222
327 1
327 280
327 88
327 524
327 9
327 144
327 25
362 1
362 280
362 88
585 1
585 280
585 9
585 25
585 88
585 524
792 1
792 280
792 25
792 88
792 83
792 524
1017 1017
646 808
646 52
893 1162
893 1154
893 1184
893 1187
548 895
84 745
84 417
84 672
84 25
84 52
84 416
84 61
84 535
220 1
220 83
220 184
220 25
560 561
381 1
381 36
381 25
381 488
381 88
381 181
381 311
381 97
381 382
381 44
381 188
381 268
381 1032
381 381
197 302
197 198
197 181
197 25
197 36
197 128
197 791
197 197
197 802
197 44
197 61
197 88
197 311
197 474
197 1
197 988
197 507
197 19
197 188
197 268
197 227
197 97
197 101
710 1
710 83
710 536
710 25
710 280
1066 1
1066 177
1066 25
957 742
130 778
65 1
65 61
65 52
65 256
65 65
65 25
65 507
523 25
523 523
523 1132
523 702
523 63
523 52
523 61
523 630
523 94
523 101
123 25
123 53
123 1099
123 188
123 156
123 88
123 589
123 436
123 1
123 90
123 83
123 379
123 169
123 44
123 869
123 530
123 703
123 69
123 101
123 235
123 1024
123 3
123 161
123 123
123 438
123 230
123 81
123 495
168 25
168 1
168 1099
168 88
168 168
168 126
168 230
168 169
168 61
168 495
168 703
168 53
168 949
293 742
293 294
832 213
832 833
394 1
394 81
394 291
394 101
394 233
394 218
1108 1139
806 1
806 280
806 88
806 83
434 875
434 1
434 469
434 1130
434 88
434 280
434 83
434 1158
434 1071
434 435
434 144
434 548
434 1148
434 718
434 434
434 547
434 1108
434 1011
434 25
422 942
922 597
922 922
1139 469
211 161
211 1
211 25
211 50
211 633
211 3
211 5
211 626
211 88
211 482
211 516
211 188
211 211
211 44
211 61
494 1
494 181
494 268
494 25
494 36
494 311
494 88
494 633
494 494
494 482
494 111
494 188
494 626
494 516
494 189
494 61
494 44
1171 1171
877 1
877 88
877 877
877 61
877 874
808 808
808 52
808 809
1111 154
191 1114
191 651
191 52
191 263
191 191
862 862
862 144
874 1
874 729
874 874
874 88
874 52
874 61
874 101
874 595
874 64
617 453
617 88
617 659
617 638
617 617
617 730
617 744
617 928
617 61
617 150
617 701
617 379
617 597
617 1
617 644
617 531
617 25
617 63
617 83
617 233
617 991
617 558
617 388
617 874
617 422
659 61
234 88
234 150
234 61
234 686
234 1
234 234
234 452
234 413
234 63
234 379
234 235
234 422
234 269
234 879
234 15
234 851
234 874
234 25
234 233
1114 217
1114 103
1114 17
1114 883
1114 30
1109 1126
818 1109
818 819
213 293
159 376
159 561
159 101
159 144
159 780
159 159
159 422
159 630
159 42
159 222
159 597
159 1063
159 125
159 52
159 923
159 61
159 375
159 160
159 560
159 900
780 1098
40 1017
40 422
40 101
40 40
40 15
40 392
40 596
40 1063
40 222
40 780
40 159
40 530
40 52
40 1078
40 25
40 630
40 597
40 125
40 42
40 1058
40 899
40 458
392 392
392 101
392 42
392 159
392 561
392 52
392 723
392 967
392 582
392 144
392 1017
392 25
392 61
392 252
392 372
392 1025
392 393
392 376
392 422
392 596
392 560
392 755
392 597
1078 222
152 766
152 152
152 517
152 262
152 477
152 576
152 159
152 16
152 312
152 40
152 101
152 216
152 153
152 736
152 545
152 52
152 834
152 755
152 61
152 392
152 15
605 152
605 605
605 422
605 101
605 52
605 530
660 882
660 1050
660 101
660 1072
660 660
660 1008
660 881
660 117
660 573
660 731
660 924
660 682
660 42
660 905
660 25
660 561
660 716
660 69
660 233
660 708
660 1146
660 610
660 40
660 826
660 422
660 914
660 839
660 755
660 52
660 764
660 603
660 411
660 748
660 15
660 376
660 840
660 1025
881 882
881 881
764 101
764 52
171 660
171 252
171 52
171 171
171 709
171 101
171 447
171 573
171 716
171 117
489 17
489 217
489 30
489 103
102 17
102 217
102 30
102 103
834 17
834 217
834 30
834 103
357 103
357 217
852 565
852 17
852 217
852 30
577 217
577 103
212 912
212 217
212 213
212 103
547 548
469 1174
1185 548
216 30
216 103
216 17
216 217
564 565
564 30
564 17
564 217
687 978
687 687
687 52
687 61
978 978
978 1058
978 52
503 88
503 25
503 1
503 413
503 747
503 61
503 686
503 503
503 696
503 317
371 927
371 1009
371 88
371 1
371 116
371 61
371 238
371 25
371 115
371 101
371 237
371 172
371 422
665 166
665 486
665 188
665 637
665 25
665 1
665 69
665 79
665 90
665 61
665 88
665 44
665 284
319 1
319 90
319 25
319 319
319 61
319 926
319 88
319 320
319 78
319 69
319 188
319 44
468 1113
468 61
468 88
468 1
468 584
468 25
468 189
903 1
903 88
903 582
903 25
506 23
506 25
506 122
506 88
506 1
506 54
506 61
506 1054
506 580
506 445
506 231
1020 1
1020 1056
1020 61
1020 405
1020 25
1020 88
1020 400
878 61
878 88
878 25
878 1
878 1012
878 104
878 105
878 336
878 333
878 131
878 12
878 97
878 225
149 161
149 25
149 804
149 1
149 50
149 5
149 3
149 61
149 486
149 90
149 88
149 79
149 166
149 188
149 44
149 69
149 284
149 229
552 553
552 25
552 88
552 1
552 61
552 1124
552 323
552 431
552 252
552 73
165 25
165 908
165 36
165 311
165 268
165 1
165 486
165 61
165 88
165 90
165 79
165 166
165 181
165 188
165 44
165 252
165 69
165 284
165 19
132 37
132 25
132 133
132 1
132 88
132 61
132 593
132 238
132 101
132 422
132 83
132 237
6 1
6 88
6 61
6 19
6 395
6 25
6 97
6 7
6 631
898 88
898 1
898 61
898 902
622 1
622 61
622 1033
622 88
622 25
622 252
622 296
622 26
705 1
705 108
705 706
705 578
705 61
705 372
1018 1
800 88
800 70
800 1
800 280
800 801
800 144
800 83
635 1
635 88
635 401
635 179
635 25
635 143
4 1
4 5
4 88
4 25
4 3
4 401
4 11
4 161
4 143
72 181
72 85
72 1
72 11
72 72
72 401
72 88
72 13
72 25
72 143
72 268
72 97
72 81
72 101
72 61
72 19
72 83
72 36
72 105
72 856
72 139
72 73
651 1137
651 217
651 883
651 30
651 565
651 17
651 264
322 225
322 131
322 1
322 88
322 25
322 12
322 870
322 336
322 280
322 322
322 61
322 105
1022 1
1022 13
1022 25
1022 61
1022 225
1022 88
1022 870
1022 280
1022 12
1022 131
845 61
845 88
845 1
845 64
307 1
307 50
307 83
307 161
307 25
307 3
307 876
307 440
307 5
307 308
307 88
307 307
309 1
309 85
309 161
309 25
309 50
309 88
309 11
309 3
309 128
309 401
309 143
203 1
203 181
203 5
203 88
203 11
203 25
203 50
203 268
203 161
203 401
203 203
203 143
203 3
203 44
203 188
203 36
203 61
203 128
203 668
203 101
203 79
203 81
203 507
203 235
22 122
22 88
22 25
22 580
22 61
22 54
22 1143
22 23
22 64
22 1
22 22
22 15
22 231
22 537
22 3
22 445
22 128
22 158
22 57
22 161
22 597
22 699
22 647
22 408
683 1
683 161
683 25
683 257
683 3
683 88
683 15
183 88
183 61
183 589
183 436
183 90
183 156
183 1
183 379
183 83
183 25
183 3
183 869
183 530
183 69
183 101
183 235
183 233
183 1024
183 438
2 1
2 25
2 88
2 593
2 37
2 2
2 61
2 485
2 161
2 83
2 63
2 33
2 938
2 3
2 613
1103 252
910 1
910 88
910 201
910 136
910 487
263 30
263 103
263 264
263 217
263 17
962 1
962 68
962 25
962 83
118 1
118 1107
118 119
118 88
118 25
775 1
775 25
775 83
775 188
775 78
775 90
775 280
722 1
722 83
722 88
722 25
722 278
722 78
722 280
559 1
559 25
559 83
559 296
559 78
559 280
697 30
697 217
697 565
697 17
692 750
692 1
692 101
692 88
692 422
692 25
1034 799
1179 1180
490 491
158 537
900 376
299 846
299 25
299 496
299 61
299 52
299 299
299 81
299 300
299 15
300 200
300 1073
300 25
300 846
413 64
1045 443
935 696
970 1052
679 148
679 679
679 25
679 52
679 798
679 581
679 61
1080 1049
1080 25
1080 158
634 997
634 25
634 634
634 52
634 61
47 998
47 25
47 820
47 522
47 47
47 48
47 61
758 759
758 25
690 600
690 789
690 25
690 690
690 61
690 497
690 691
295 767
295 25
295 496
295 61
295 52
295 1069
295 690
295 295
1069 1021
1069 1073
1069 25
1069 767
789 1084
789 789
789 25
497 498
497 25
497 144
497 497
485 613
485 938
485 25
485 485
485 44
485 778
485 61
485 33
485 15
485 188
485 193
485 593
485 291
485 130
485 52
485 732
485 647
485 269
485 422
485 3
485 161
485 37
938 161
938 938
938 33
938 3
938 25
938 593
938 37
938 485
938 61
938 613
248 25
248 248
248 19
248 97
248 11
248 121
248 401
248 61
248 120
248 333
248 350
248 90
248 52
248 892
248 324
248 144
248 44
248 1068
248 85
248 104
120 25
120 121
120 868
120 589
324 892
324 52
324 324
324 101
324 61
175 235
175 176
175 175
175 562
175 350
1067 1
1067 25
1067 194
1067 83
662 1
662 25
662 369
662 83
424 693
214 1019
214 25
214 624
214 865
214 1016
214 61
214 52
214 215
214 214
624 865
624 624
93 25
93 61
93 105
93 286
93 858
93 906
93 1065
93 93
93 214
104 93
104 104
104 429
104 25
104 865
104 105
104 333
104 52
104 478
104 61
104 512
104 1103
964 124
964 964
964 25
964 61
215 1016
374 795
374 25
374 52
374 79
374 1117
374 374
374 879
374 851
374 166
374 61
237 238
237 25
237 52
237 1117
237 237
237 374
237 795
172 172
172 927
172 238
172 25
172 15
172 778
172 269
172 116
172 593
172 193
172 130
172 115
172 237
172 37
172 61
172 647
115 25
115 115
115 593
115 116
115 61
115 927
115 15
115 52
115 161
115 3
115 37
750 1039
750 459
750 1009
750 25
750 750
351 636
351 352
351 52
351 351
351 61
652 25
652 261
652 52
652 19
652 652
652 15
652 97
652 61
976 977
260 652
260 260
260 52
260 261
260 97
260 15
260 258
260 25
260 19
260 61
44 144
44 637
44 188
44 486
44 162
44 101
44 25
44 44
44 670
44 61
44 52
44 356
44 284
44 90
44 69
44 447
44 15
44 71
44 158
614 25
614 615
614 101
614 52
614 61
614 447
614 614
284 486
284 25
284 284
284 79
284 52
284 188
284 61
355 601
355 52
355 61
355 350
71 144
71 52
71 71
71 166
71 390
71 1117
71 188
71 374
71 25
71 79
71 61
71 90
71 795
162 670
162 25
162 162
162 52
162 61
361 1102
361 52
361 361
361 61
934 549
270 25
270 762
270 270
270 627
270 81
270 879
270 15
270 101
1167 550
1167 25
1167 158
337 979
337 593
337 15
337 640
337 25
337 37
337 485
337 778
337 669
337 337
337 61
337 52
337 130
337 33
337 193
337 350
337 857
337 269
337 938
337 639
669 857
669 25
669 52
669 669
669 61
639 639
639 979
639 640
639 337
639 161
639 25
639 181
639 237
639 669
639 3
639 857
639 128
639 36
639 117
639 238
639 101
639 52
958 712
753 754
297 1002
297 25
297 296
297 599
297 15
297 261
297 52
297 652
247 35
247 25
247 52
247 247
247 64
353 365
353 766
353 277
353 353
353 25
353 61
353 52
353 771
353 90
353 852
353 213
353 560
353 144
771 25
771 772
771 365
571 891
571 25
571 571
418 987
418 418
418 61
418 101
418 52
418 422
418 25
418 447
820 48
820 820
820 25
820 998
820 1025
820 61
291 81
851 879
736 736
736 1010
736 737
736 25
736 1161
1096 1153
1096 1096
1096 25
1096 329
56 286
815 1035
815 25
815 1112
815 1051
815 61
96 863
96 25
96 1051
96 86
96 96
96 321
96 532
96 61
96 1112
96 52
96 266
96 15
266 532
266 25
266 96
266 266
266 863
266 15
266 321
266 52
266 86
1112 1051
86 321
86 25
86 863
86 1035
86 15
86 96
86 52
86 61
929 1028
929 25
929 848
292 848
292 292
292 52
292 25
292 144
292 61
292 283
853 334
853 848
853 25
853 52
853 61
1086 1070
1086 25
1086 848
289 25
289 1043
289 289
289 830
289 296
289 320
289 78
289 90
289 69
289 52
289 447
289 61
289 422
289 1129
289 26
136 136
136 274
136 514
136 61
136 137
136 25
136 995
136 827
136 713
136 66
136 947
136 59
136 58
136 46
136 52
136 49
136 45
136 101
49 274
49 25
49 49
49 136
49 995
49 52
49 66
49 61
189 584
142 61
142 1055
142 413
142 797
142 52
142 471
142 372
142 25
142 19
142 142
142 64
142 408
142 326
142 403
142 15
142 457
142 97
142 189
142 1059
142 325
142 447
325 797
325 25
325 1023
325 81
325 325
325 142
325 326
325 526
325 1055
325 52
325 19
325 527
325 61
325 471
325 64
325 413
325 311
326 471
526 25
526 64
526 527
526 526
526 19
526 471
526 61
526 52
526 326
526 142
525 1004
525 25
525 940
525 61
940 813
940 1004
522 1097
936 937
45 45
45 46
45 873
45 514
45 58
45 25
45 713
45 52
45 61
45 59
45 137
45 346
45 15
45 592
346 137
346 346
346 45
346 25
346 52
346 713
346 61
1164 951
38 332
524 9
524 25
524 524
524 52
524 61
524 410
410 557
410 25
410 582
410 61
410 9
410 109
410 144
8 728
8 25
8 9
8 1061
1118 422
1118 52
1118 101
1118 1118
184 25
184 1150
184 1091
184 185
184 61
184 1152
184 184
184 1085
184 350
185 1150
185 25
185 570
1085 1152
536 537
536 655
536 25
536 1087
536 1104
536 536
536 52
536 61
536 597
655 1104
655 25
655 536
655 52
655 15
655 158
655 655
382 1032
382 25
382 61
382 952
952 488
474 802
474 25
474 61
474 198
302 988
302 52
302 302
302 25
302 61
198 791
198 198
198 97
198 25
931 850
931 931
931 144
931 52
931 816
931 817
850 144
850 25
850 817
850 816
816 817
507 128
177 25
177 128
177 415
177 177
177 52
177 507
177 61
948 949
495 25
495 1099
495 948
495 495
495 52
495 949
495 61
230 25
230 169
230 342
230 53
230 495
230 230
230 61
230 44
342 53
342 25
342 486
342 90
342 230
342 61
342 52
342 188
342 342
342 169
342 126
342 703
126 126
126 703
126 189
126 161
126 25
126 53
126 37
126 3
126 342
126 593
126 61
779 1
779 25
779 372
779 288
779 88
779 671
779 287
896 897
686 317
435 875
140 88
140 140
140 1
140 61
140 25
140 44
140 15
140 280
140 422
140 3
140 37
1057 217
1057 565
1101 1038
1101 97
1101 25
647 484
647 25
647 52
595 350
595 25
595 729
595 52
595 595
595 15
595 101
595 269
595 61
542 842
719 720
719 25
835 836
835 25
835 872
872 786
872 25
872 836
57 699
57 57
57 52
57 25
57 101
57 61
360 360
360 25
360 61
360 954
360 15
360 52
360 798
360 42
360 458
360 581
360 1096
360 350
360 101
360 590
590 591
590 25
151 599
151 25
151 151
904 1064
904 904
904 25
909 422
909 909
909 101
909 69
909 1068
909 52
909 1173
909 25
909 61
909 695
909 447
545 546
545 25
545 545
1095 860
1095 25
1095 61
1095 859
859 24
859 25
859 860
66 67
66 66
66 25
66 52
66 61
66 765
66 372
66 15
66 790
578 579
578 25
578 286
578 706
578 56
790 765
821 347
821 25
821 821
821 15
821 52
303 1060
303 799
303 25
303 1034
114 847
114 25
114 1060
114 114
114 42
114 61
114 303
143 85
143 25
143 188
143 612
143 128
143 311
143 139
143 11
143 268
143 135
143 44
143 15
143 179
143 333
143 415
143 143
143 181
143 97
143 13
143 50
143 252
143 19
143 61
143 778
143 688
143 401
143 161
143 105
143 36
143 117
143 177
143 486
143 52
143 195
143 444
143 856
143 193
143 616
143 81
143 93
143 121
143 130
143 269
143 144
143 101
143 248
143 70
143 731
143 422
143 90
143 990
143 369
143 5
143 194
143 3
143 227
143 436
143 104
143 233
143 283
135 405
135 401
135 400
135 85
135 25
135 179
135 143
135 778
135 3
135 128
135 15
135 11
135 135
135 52
135 336
135 12
135 5
135 161
135 130
135 193
135 61
135 131
135 225
135 283
135 50
85 268
85 401
85 11
85 311
85 50
85 5
85 101
85 85
85 25
85 97
85 19
85 52
85 209
85 182
85 15
85 117
85 143
85 73
85 61
85 731
85 195
85 856
85 990
85 194
85 369
85 179
85 181
400 11
400 25
400 85
400 52
400 405
400 179
400 400
400 15
688 612
688 25
688 61
688 52
688 11
688 688
454 1129
454 289
454 25
454 454
454 1043
454 52
454 61
12 13
12 336
12 25
12 139
12 871
12 444
12 616
12 778
12 252
12 12
12 131
12 225
12 128
12 15
12 193
12 269
12 130
12 52
12 182
12 61
225 225
225 13
225 52
225 131
225 25
225 15
225 97
225 871
225 12
225 336
225 19
225 93
225 61
225 101
225 870
225 105
870 871
870 61
870 25
870 52
870 131
870 870
3 25
3 401
3 44
3 188
3 440
3 128
3 61
3 15
3 3
3 921
3 50
3 101
3 52
3 11
3 415
3 876
3 19
3 268
3 439
3 778
3 60
3 486
3 85
3 181
3 161
3 5
3 278
3 258
3 90
3 117
3 144
3 485
3 938
3 639
3 269
3 130
3 291
3 177
3 33
3 38
3 36
3 568
3 260
3 193
3 257
3 979
3 189
3 195
3 369
3 669
3 111
3 640
3 170
3 69
3 194
3 233
3 436
3 613
3 283
3 311
308 876
308 25
308 210
308 308
308 61
210 210
210 25
210 101
210 440
210 731
210 51
210 35
210 422
210 61
210 52
210 1025
210 15
5 50
5 505
5 320
5 296
5 311
5 85
5 25
5 5
5 209
5 166
5 101
5 822
5 830
5 15
5 78
5 61
5 3
5 97
5 242
5 161
5 11
5 268
5 368
5 51
5 52
5 19
5 439
5 143
5 731
5 1025
5 79
5 568
5 229
5 42
5 458
5 26
5 284
170 25
170 3
170 257
170 170
170 52
170 757
170 161
170 61
170 731
668 743
668 668
668 25
668 350
439 25
439 439
439 51
439 50
439 921
439 52
439 61
439 5
445 23
445 122
445 25
445 54
445 452
445 128
445 445
445 580
445 778
445 537
445 269
445 686
445 317
445 519
445 130
445 550
445 79
445 15
445 408
445 1049
445 19
445 193
445 278
445 188
445 1168
445 61
445 1052
231 445
231 54
231 269
231 25
231 778
231 23
231 231
231 193
231 452
231 128
231 15
231 130
231 61
580 25
580 23
580 122
580 580
580 686
580 537
580 158
580 445
580 413
580 61
580 317
738 739
68 25
68 368
68 52
68 5
68 50
68 15
68 68
68 61
822 505
822 25
822 52
822 822
822 61
822 50
1107 119
515 823
366 1155
366 959
366 366
366 823
366 61
366 496
366 121
366 25
366 15
366 248
366 52
366 868
366 515
366 454
366 81
366 291
366 620
366 1129
366 120
620 621
620 1073
620 25
620 959
78 90
78 188
78 278
78 296
78 320
78 69
78 166
78 26
78 25
78 111
78 486
78 44
78 167
78 78
78 667
78 774
78 79
78 447
78 284
78 422
79 166
160 376
323 431
1063 376
656 554
656 1181
656 656
656 52
656 144
656 25
656 61
656 101
448 409
448 25
448 554
125 376
513 429
513 25
513 61
513 52
513 513
513 1103
513 807
512 807
512 25
512 513
419 420
419 25
419 218
156 156
156 1024
156 25
156 44
156 69
156 188
156 61
194 25
194 61
194 194
194 50
194 990
194 11
194 52
194 85
194 195
194 369
194 5
194 647
369 369
369 11
369 50
369 195
369 61
369 311
369 25
369 268
369 5
369 85
369 52
369 101
369 647
581 954
581 581
581 42
581 360
581 52
581 15
581 798
581 25
581 61
581 148
41 591
41 530
41 61
41 645
41 41
41 25
41 42
41 422
41 582
287 880
287 25
287 287
287 61
287 424
287 59
287 514
287 338
287 52
287 671
287 545
287 288
338 671
338 25
338 288
338 338
338 52
338 880
338 339
338 61
288 818
288 25
288 339
288 59
288 671
288 287
288 880
288 1165
288 52
288 1109
288 61
288 288
288 514
1169 803
251 13
251 534
251 607
251 25
251 92
251 128
251 444
251 616
251 139
251 252
251 778
251 273
251 251
251 533
251 193
251 15
251 323
251 129
251 61
251 130
251 269
251 180
251 52
251 81
129 207
129 129
129 336
129 15
129 273
129 206
129 25
129 778
129 131
129 180
129 225
129 193
129 130
129 431
129 251
129 61
129 607
129 269
129 12
92 25
92 273
92 251
92 52
92 15
92 92
92 101
92 93
92 105
92 19
92 97
92 607
206 25
206 273
206 92
206 207
206 180
533 534
533 61
533 25
533 52
533 273
533 533
487 202
487 25
487 201
487 487
487 61
487 66
201 430
201 25
201 201
201 202
201 66
201 487
1074 918
36 25
36 128
36 188
36 85
36 61
36 36
36 161
36 11
36 44
36 19
36 143
36 278
36 101
36 5
36 466
36 268
36 486
36 15
36 415
36 117
36 52
36 3
36 310
36 778
36 856
36 181
36 311
36 401
36 507
36 258
36 177
36 97
36 144
36 229
36 38
36 130
36 731
36 13
36 356
36 193
36 568
36 260
36 50
36 139
36 182
36 227
36 436
36 283
36 81
36 458
36 457
36 111
36 269
36 69
36 233
36 90
36 284
36 73
36 42
36 105
311 731
311 52
311 25
311 209
311 117
311 311
311 97
311 36
311 101
311 85
311 61
311 242
311 15
311 181
311 268
311 610
311 11
311 19
311 401
311 310
311 356
311 42
311 13
311 458
311 1025
311 143
311 332
311 105
311 562
311 229
311 35
310 25
310 310
310 51
310 268
310 466
310 52
310 61
310 311
310 372
457 408
227 945
594 649
594 25
594 777
594 594
594 401
594 528
777 994
777 25
777 11
777 649
375 376
37 37
37 25
37 44
37 15
37 938
37 725
37 188
37 236
37 61
37 128
37 101
37 965
37 485
37 613
37 415
37 1007
37 332
37 71
37 161
37 507
37 778
37 291
37 3
37 36
37 110
37 593
37 390
37 731
37 33
37 63
37 52
37 193
37 144
37 177
37 269
37 130
37 610
37 181
37 1116
37 340
37 955
37 422
37 1025
37 597
37 378
37 189
37 117
37 164
37 502
37 283
37 38
37 1144
378 378
378 593
378 101
378 52
378 3
378 725
378 25
378 37
378 731
378 161
378 15
378 507
378 61
378 128
163 566
163 25
163 380
163 163
163 164
1007 965
1007 52
1007 1007
60 25
60 60
60 161
60 15
60 1177
60 257
60 757
60 52
60 756
60 170
60 3
60 61
236 52
236 236
756 757
756 25
756 60
756 756
380 164
380 25
380 61
380 100
340 37
340 164
340 340
340 1116
340 380
340 100
340 422
340 33
340 25
340 593
340 732
340 52
340 61
340 71
340 161
340 566
340 390
340 15
340 38
100 25
100 100
100 732
100 3
100 61
100 101
100 52
100 164
269 269
269 25
269 350
269 64
269 256
269 452
269 457
269 413
269 408
269 879
269 762
269 52
269 628
269 61
269 945
269 270
269 301
256 301
256 25
256 452
406 465
1183 788
586 25
586 768
586 44
586 15
586 52
586 586
1081 1082
509 974
509 25
509 509
509 1081
509 61
228 229
228 25
228 228
228 349
228 61
228 52
228 332
228 886
349 886
349 25
349 228
349 349
349 52
349 184
349 350
349 61
349 229
349 15
349 395
329 330
379 744
991 701
899 787
1027 21
178 32
97 1038
97 97
97 461
97 19
97 508
97 13
97 25
97 226
97 61
97 52
97 15
97 101
97 98
97 134
97 695
97 144
97 666
97 142
97 93
97 64
97 105
97 7
97 892
97 570
97 158
658 653
658 25
658 97
658 19
658 658
658 52
658 61
570 226
570 61
570 570
570 52
570 25
570 101
648 1055
648 648
648 52
648 25
648 61
648 326
666 1059
666 25
666 61
666 666
666 52
666 19
695 1068
695 25
695 52
695 695
695 61
224 1133
224 101
224 25
73 25
73 1124
73 19
73 61
73 52
73 73
73 323
73 15
587 403
587 52
587 61
587 587
395 707
395 395
395 25
395 52
395 61
395 886
242 1015
242 242
242 911
242 61
242 52
242 25
242 1091
242 184
242 642
242 228
242 422
111 278
111 173
111 111
111 521
111 61
111 174
111 25
111 272
111 841
111 138
111 229
111 158
138 25
138 932
138 111
138 138
138 61
138 431
138 444
138 97
138 139
138 616
138 278
272 272
272 242
272 521
272 932
272 111
272 25
272 278
272 117
272 61
272 173
272 975
272 74
272 174
272 101
272 610
173 25
173 77
173 174
173 74
173 975
173 61
173 278
74 975
74 75
74 25
74 174
254 841
254 25
254 530
254 61
254 254
254 1000
1000 77
1000 25
1000 1001
1000 61
1001 75
888 25
888 793
888 52
888 15
888 825
888 181
888 278
888 888
888 161
888 54
888 36
888 1042
888 3
1042 825
1042 25
1042 793
283 511
335 770
335 25
335 944
335 1037
335 61
335 335
335 810
335 920
920 1037
920 52
920 920
920 61
944 810
944 944
944 25
944 1037
944 770
314 354
1094 950
933 348
928 638
928 558
928 388
928 928
644 644
644 730
644 25
644 150
388 345
388 644
388 388
388 25
388 61
531 531
531 930
531 453
531 25
531 61
531 935
531 473
558 986
558 25
558 558
558 531
558 61
930 473
930 25
930 150
930 930
150 682
150 150
150 603
150 52
150 101
1119 1120
26 296
26 774
26 90
26 25
26 26
26 667
26 599
26 69
26 283
26 15
26 27
26 1002
26 520
26 89
26 885
26 61
26 52
26 44
26 422
26 218
26 428
26 188
26 543
26 291
26 350
26 544
26 167
26 1074
26 427
26 156
26 151
26 144
26 803
26 297
26 1047
89 654
89 25
89 89
89 15
89 296
89 90
427 428
427 25
427 427
814 678
814 25
814 496
814 61
814 52
814 677
814 81
814 1077
814 15
814 814
677 733
677 1073
677 25
677 678
1077 1159
520 520
520 61
520 530
520 698
520 667
520 25
520 52
520 399
520 101
520 26
27 885
27 296
27 25
27 283
27 90
192 192
192 25
192 889
192 414
192 778
192 130
192 229
192 15
192 193
192 34
192 311
192 269
192 90
192 228
192 61
192 69
192 268
34 25
34 242
34 34
34 101
34 889
34 414
34 192
34 117
34 35
34 372
543 544
543 543
543 25
460 461
460 25
460 97
460 776
460 460
562 176
562 25
562 1161
776 508
776 25
776 97
855 1083
855 25
855 52
855 15
356 996
356 25
356 61
356 356
356 1163
356 884
356 97
356 19
884 1163
609 25
609 574
609 350
609 61
609 609
609 219
609 567
567 25
567 19
567 675
567 350
567 567
567 386
567 61
567 574
386 785
386 25
386 98
386 249
386 134
386 675
386 386
386 61
219 25
219 609
219 462
219 663
219 675
219 574
219 219
219 982
219 350
219 90
219 249
219 785
219 44
219 589
219 685
219 436
219 61
219 188
462 25
462 657
462 350
462 567
462 249
462 462
462 61
462 663
462 675
462 785
249 250
249 25
249 249
249 386
249 785
249 657
684 925
684 25
684 61
684 685
685 982
685 25
685 598
685 61
685 685
685 570
685 1176
1176 598
42 458
993 901
1168 966
363 363
363 364
363 422
363 25
363 447
363 597
62 63
62 31
62 62
62 21
62 1027
62 918
62 424
62 1074
62 69
62 496
62 788
62 61
62 25
62 805
62 561
62 1092
62 693
62 465
62 406
62 52
62 291
62 1062
62 674
674 1029
674 1073
674 25
674 805
31 106
31 178
31 25
31 32
31 31
1062 1092
1026 199
478 479
478 25
755 905
70 188
70 70
70 128
70 64
70 101
70 458
70 166
70 19
70 291
70 44
70 144
70 372
70 25
70 79
70 270
70 226
70 699
70 186
70 15
70 61
70 182
70 413
70 486
70 670
70 993
70 1091
70 229
70 280
70 284
70 457
70 422
70 969
70 762
70 568
70 52
70 65
70 1144
70 857
70 937
70 447
70 349
70 1075
70 42
70 81
70 507
70 1026
70 896
70 814
70 51
70 162
70 199
70 886
70 936
70 57
70 323
70 856
70 158
70 97
70 395
70 669
70 801
70 228
70 299
70 570
70 184
70 431
761 528
971 1003
971 25
971 280
971 61
971 535
971 971
535 745
535 25
535 535
535 416
535 61
416 417
416 25
416 745
829 830
829 829
829 25
1047 28
167 774
167 167
167 667
167 61
167 52
167 25
399 698
399 25
399 399
399 774
399 61
399 52
399 167
399 15
139 139
139 61
139 13
139 856
139 25
139 52
139 431
139 85
139 105
139 182
139 323
139 15
80 25
80 80
80 589
80 81
80 218
80 61
80 52
80 420
80 101
80 419
80 15
80 856
80 233
80 422
80 1144
500 1130
960 632
582 109
108 706
108 25
108 108
108 109
108 61
108 578
108 52
108 582
734 735
734 849
734 734
734 25
51 25
51 51
51 568
51 61
51 52
51 350
1140 7
1140 52
1140 61
1140 101
1140 1140
661 451
661 25
661 350
450 1014
450 25
450 484
450 451
518 161
518 50
518 25
518 344
518 921
518 451
1093 384
58 58
58 25
58 827
58 592
58 61
58 59
58 52
58 514
58 45
58 101
516 25
516 516
516 778
516 633
516 626
516 482
516 130
516 193
516 15
516 61
516 229
516 90
516 269
626 626
626 482
626 242
626 25
626 516
626 176
626 562
626 189
626 61
626 372
864 700
616 444
616 25
603 704
205 1053
984 916
689 107
1121 953
305 1048
726 727
839 840
341 563
103 912
1011 1100
98 98
98 134
98 52
98 233
98 61
98 25
98 101
209 209
209 25
209 98
209 52
209 19
209 456
209 134
209 61
209 15
209 97
209 233
69 90
438 589
438 25
438 783
438 420
438 1024
1178 924
748 749
539 691
763 1041
763 763
763 25
1136 1125
1110 604
856 182
358 25
358 387
358 358
358 61
358 52
358 228
358 886
358 229
358 19
59 25
59 514
59 603
59 704
59 59
843 650
843 52
843 61
843 843
20 55
20 746
20 569
20 945
20 681
20 20
20 583
20 824
20 63
20 372
20 25
20 985
20 275
20 425
20 458
20 788
20 69
20 1149
20 291
20 561
20 144
20 778
20 538
20 90
20 918
20 52
20 21
20 457
20 1074
20 15
20 156
20 424
20 969
20 465
20 406
20 1027
20 582
20 1025
20 408
20 61
20 189
20 642
20 693
20 81
20 188
20 252
20 283
1131 968
1131 25
1131 1131
425 746
425 583
425 25
425 52
425 55
425 425
425 61
425 538
425 20
1030 1123
1030 1030
1030 25
55 55
55 52
55 15
55 538
55 94
55 276
55 25
55 1172
55 56
55 286
55 422
55 569
55 702
276 917
276 25
276 276
276 1030
276 538
276 61
569 318
569 569
569 178
569 32
569 25
569 52
569 61
275 20
275 702
275 583
275 985
275 275
275 681
275 25
275 63
275 94
275 778
275 350
275 538
275 101
275 61
275 276
275 917
275 582
275 824
824 25
824 1149
824 824
824 42
824 52
824 15
794 740
794 794
794 995
794 25
794 52
794 61
794 136
794 287
240 157
680 751
680 25
94 55
94 917
94 94
94 63
94 25
94 702
94 681
94 538
94 275
94 422
94 276
94 803
94 52
94 15
94 981
94 61
94 447
981 983
981 25
981 702
992 25
992 752
992 496
992 61
992 52
992 992
992 397
397 398
397 1073
397 25
397 752
627 628
627 25
627 235
627 52
627 627
627 762
627 291
627 269
627 422
627 15
186 25
186 317
186 372
186 52
186 101
186 186
186 144
186 686
837 1
837 88
939 939
939 52
907 943
907 750
907 907
907 893
907 919
907 939
1036 907
1036 1039
1036 459
1036 750
298 217
298 1137
298 17
298 883
298 103
298 30
455 1
455 88
455 36
455 61
455 83
455 181
455 25
455 455
781 1
781 88
781 181
781 25
781 36
267 268
267 1
267 36
267 88
267 311
267 25
267 181
267 61
267 267
267 44
890 1
890 161
890 88
890 36
890 181
890 3
890 25
890 5
890 311
588 1
588 88
588 588
588 61
588 15
588 83
766 17
766 103
766 217
766 30
760 1
760 88
760 25
760 649
760 761
760 143
154 155
281 1
281 37
281 15
281 593
281 236
281 88
281 25
502 52
502 502
502 1007
502 37
441 1
441 25
441 60
441 88
441 83
481 732
481 25
481 1
481 340
481 1116
481 164
481 88
481 100
481 83
481 161
481 481
481 380
492 88
492 1
492 164
492 61
492 25
492 100
492 380
255 301
255 1
255 1075
255 83
255 256
255 88
255 25
961 1
961 1075
961 88
961 452
961 25
961 83
961 269
25 222
718 1108
1106 502
724 965
724 593
724 502
724 724
724 37
724 597
861 502
861 965
861 593
861 37
861 236
861 861
480 502
480 480
480 597
402 1152
402 61
402 25
402 402
402 1
402 403
402 707
402 349
402 83
402 88
402 184
402 587
402 886
1013 1
1013 88
1013 280
1013 25
673 97
673 25
673 52
673 158
673 372
673 64
673 673
673 209
831 88
831 1
831 83
831 456
831 19
0 1
0 278
0 25
0 88
0 111
0 521
241 521
241 311
241 1
241 278
241 25
241 268
241 36
241 111
241 88
241 101
241 181
504 1
504 521
504 181
504 25
504 311
504 36
504 88
504 403
504 272
504 268
504 504
504 111
504 44
504 101
504 189
306 1
306 138
306 482
306 521
306 11
306 88
306 401
306 272
306 306
306 111
306 278
306 25
306 932
306 516
306 143
306 633
306 139
271 1
271 242
271 521
271 111
271 25
271 278
271 272
271 88
618 174
618 311
618 1
618 975
618 268
618 181
618 25
618 36
618 88
618 173
76 1
76 278
76 111
76 254
76 88
76 841
76 25
76 77
245 923
245 561
245 15
1046 1
1046 888
1046 88
741 1180
741 1
741 61
741 1130
741 88
741 1179
741 25
373 25
373 182
373 1
373 181
373 273
373 414
373 88
373 856
373 373
373 36
373 913
373 61
373 15
373 607
373 13
373 311
373 34
373 192
373 19
373 83
373 280
373 251
373 889
373 92
373 128
373 268
373 1115
373 81
373 291
373 44
313 1
313 63
313 354
313 313
313 1144
313 25
313 61
313 101
313 500
313 950
313 314
313 933
313 1175
313 348
313 1089
313 1094
313 52
313 372
313 88
313 1128
313 1166
313 1160
313 963
499 63
499 1
499 499
499 61
499 500
499 1130
499 88
721 1
721 88
721 388
721 25
664 1
664 25
664 88
664 558
432 1
432 3
432 88
432 25
432 296
432 432
432 5
432 161
432 280
432 50
432 44
432 61
432 667
432 26
980 1
980 26
980 25
980 296
980 88
980 83
796 88
796 1
796 296
796 83
796 25
796 26
796 167
796 774
796 144
796 61
95 1
95 88
95 95
95 311
95 25
95 181
95 36
95 280
95 403
95 889
95 83
95 414
95 268
95 44
95 35
95 34
95 97
95 19
95 61
95 188
95 192
95 15
619 619
619 967
619 52
619 245
619 244
619 555
619 1135
244 245
555 556
555 245
555 560
555 1044
555 561
555 555
1135 556
784 1
784 25
784 663
784 609
784 88
784 574
385 675
385 785
385 1
385 25
385 609
385 88
385 567
385 386
694 1
694 982
694 88
694 663
694 219
694 609
694 574
694 684
694 25
510 1
510 181
510 25
510 663
510 249
510 36
510 311
510 785
510 574
510 657
510 268
510 44
510 609
510 88
510 462
510 675
608 1
608 574
608 181
608 25
608 785
608 311
608 36
608 88
608 675
608 44
608 609
608 268
782 1
782 88
782 219
782 25
540 1
540 219
540 88
493 663
493 25
493 1
493 250
493 249
493 609
493 785
493 657
493 493
493 88
493 386
1170 1170
556 470
556 556
556 245
556 52
470 245
470 52
470 470
470 1103
91 1
91 42
91 88
91 91
91 61
91 458
82 1
82 25
82 83
82 280
82 88
82 101
82 252
82 90
82 539
82 69
475 1
475 62
208 350
208 15
208 235
208 208
208 175
208 52
208 101
208 42
208 209
208 98
208 422
208 562
147 103
147 217
838 838
838 52
838 422
290 1
290 156
290 589
290 90
290 291
290 69
290 88
290 25
290 454
290 15
290 61
290 1024
290 1129
290 290
290 218
290 438
290 80
611 1
611 755
611 83
611 905
611 90
611 25
87 1
87 52
87 88
87 87
87 447
87 422
87 144
565 912
672 25
672 745
672 672
253 1
253 745
253 25
253 83
253 672
253 88
253 535
253 971
315 1
315 745
315 25
315 83
315 417
315 971
315 672
315 535
315 416
315 88
844 217
844 30
844 17
844 103
282 139
282 273
282 25
282 607
282 13
282 1
282 251
282 92
282 88
282 61
282 282
282 431
282 283
282 101
1088 154
1157 1157
1 110
1040 1
1040 1040
1040 61
396 1
396 83
396 25
396 960
396 88
396 632
396 542
541 1
541 632
541 960
541 542
541 286
541 25
541 56
541 842
541 280
541 61
312 30
312 17
312 217
312 103
676 1
676 286
676 109
676 799
676 25
676 88
676 676
676 582
676 1145
676 280
676 372
676 1034
676 61
676 56
359 1
359 109
359 83
359 88
359 582
359 25
359 1145
359 56
359 280
359 286
849 849
849 52
383 166
383 383
383 52
383 15
383 61
383 422
383 568
383 384
383 25
383 51
383 597
383 79
383 101
343 1
343 61
343 25
343 661
343 88
343 451
343 343
343 344
343 647
343 280
343 518
343 161
343 3
343 450
343 1014
517 30
517 103
517 217
517 17
1127 1165
1126 1127
304 1
304 58
304 592
304 25
304 88
328 1
328 109
328 88
328 582
328 328
328 61
16 217
16 17
16 103
16 30
1142 217
1142 103
262 17
262 217
262 30
262 103
190 1
190 88
190 190
190 83
1090 1
1090 286
1090 83
1090 88
1090 61
1090 109
1090 582
1090 25
1090 81
1090 1090
463 833
463 893
463 52
463 61
463 144
463 597
463 235
711 446
711 88
711 1
711 25
711 233
711 144
711 101
711 83
711 422
711 109
446 742
446 293
446 446
446 957
446 463
446 144
446 1107
446 52
446 101
446 25
446 15
446 447
446 119
446 573
446 422
204 704
204 1
204 603
204 61
204 204
204 726
204 1121
204 839
204 984
204 341
204 205
204 305
204 25
204 689
204 88
145 88
145 61
145 150
145 686
145 1
145 413
145 145
145 452
145 235
145 879
145 25
145 269
145 851
1072 1050
1050 709
1146 1147
1008 826
826 709
411 412
716 708
708 709
914 915
433 1
433 88
433 144
433 69
433 61
433 90
433 393
433 56
407 1
407 457
407 408
407 25
407 142
407 97
1025 252
112 61
112 1
112 109
112 113
112 88
112 582
112 422
112 372
501 1
501 88
501 83
501 109
421 604
421 25
421 1
421 61
421 421
421 1125
421 280
421 422
421 88
421 1136
421 372
421 109
421 676
421 1110
421 582
1156 61
18 25
18 88
18 63
18 233
18 19
18 69
18 18
18 228
18 101
18 97
18 188
18 181
18 36
18 1
18 166
18 128
18 44
18 311
18 886
18 349
18 61
18 573
18 90
18 144
18 597
18 395
18 406
18 79
18 507
18 486
18 284
18 422
18 447
18 465
18 539
18 268
576 262
576 576
576 357
576 312
576 370
576 1057
576 577
576 697
576 517
576 832
576 564
576 147
576 146
576 912
576 1114
576 477
576 651
576 1142
576 277
576 213
576 489
146 262
146 766
146 834
146 312
146 477
146 370
146 146
146 597
146 517
146 564
146 52
146 367
146 81
146 101
146 1130
146 715
146 852
146 832
146 291
146 147
146 447
602 101
602 755
602 246
602 602
602 61
602 516
602 574
602 335
602 3
602 26
602 25
602 20
602 47
602 1074
602 52
602 44
602 520
602 609
602 36
602 454
602 219
602 248
602 37
602 143
602 86
389 390
389 602
389 246
389 905
389 25
389 476
389 389
389 101
389 52
389 795
389 374
389 755
391 1
391 25
391 827
391 713
391 59
391 88
391 682
391 995
391 101
391 1048
391 107
391 288
391 391
391 689
391 83
391 603
391 514
391 45
404 218
404 404
404 560
404 235
404 101
404 80
404 81
404 52
404 25
404 291
404 422
404 15
246 69
246 166
246 79
246 25
246 44
246 486
246 284
246 101
246 246
246 90
246 188
246 61
246 476
246 52
246 390
246 71
246 283
476 370
476 576
476 999
476 651
476 420
476 29
476 517
476 832
476 15
476 476
476 246
476 146
476 298
476 212
476 147
476 262
476 766
476 52
476 477
476 252
476 715
476 589
476 946
476 852
476 25
476 438
476 218
476 844
464 1
464 583
464 20
464 88
464 90
464 25
641 1
641 985
641 275
641 88
641 90
641 25
239 1
239 25
239 83
239 88
239 240
239 960
239 542
467 1
467 280
467 61
467 88
1006 1
1006 15
1006 25
1006 702
1006 83
121 25
868 25
892 25
770 25
1037 25
810 25
600 25
767 25
1021 25
1084 25
498 25
693 25
712 25
81 25
879 25
1010 25
286 25
1028 25
848 25
334 25
1070 25
951 25
9 25
557 25
728 25
799 25
875 25
842 25
720 25
836 25
786 25
546 25
860 25
24 25
579 25
1060 25
847 25
119 25
823 25
959 25
621 25
554 25
409 25
803 25
918 25
408 25
945 25
465 25
788 25
330 25
744 25
701 25
787 25
21 25
32 25
511 25
1180 25
354 25
950 25
348 25
1120 25
458 25
901 25
364 25
805 25
106 25
1029 25
1092 25
199 25
905 25
1130 25
632 25
109 25
706 25
735 25
704 25
1053 25
916 25
107 25
953 25
1048 25
727 25
840 25
563 25
90 25
691 25
426 25
783 25
924 25
749 25
1041 25
1125 25
604 25
583 25
968 25
746 25
1123 25
538 25
318 25
917 25
985 25
1149 25
157 25
702 25
983 25
752 25
398 25
846 25
200 25
64 25
443 25
696 25
1052 25
1049 25
613 25
33 25
795 25
238 25
927 25
116 25
459 25
636 25
390 25
670 25
1102 25
549 25
188 25
486 25
601 25
762 25
550 25
640 25
857 25
979 25
35 25
1035 25
863 25
532 25
1051 25
321 25
584 25
937 25
332 25
817 25
128 25
415 25
949 25
1099 25
169 25
53 25
703 25
897 25
317 25
161 25
876 25
440 25
50 25
257 25
743 25
921 25
368 25
505 25
320 25
166 25
181 25
268 25
466 25
593 25
725 25
566 25
965 25
1177 25
757 25
164 25
1116 25
732 25
452 25
301 25
77 25
768 25
1082 25
974 25
278 25
932 25
521 25
174 25
975 25
841 25
793 25
825 25
574 25
925 25
982 25
598 25
675 25
785 25
663 25
657 25
250 25
966 25
519 25
75 25
568 25
7 25
451 25
1014 25
344 25
384 25
134 25
456 25
537 25
751 25
628 25
491 25
997 25
828 25
365 25
772 25
891 25
995 25
274 25
947 25
713 25
137 25
46 25
880 25
339 25
671 25
202 25
430 25
592 25
873 25
514 25
650 25
740 25
484 25
729 25
699 25
1087 25
1104 25
23 25
54 25
122 25
1009 25
637 25
926 25
1113 25
747 25
1054 25
1056 25
1012 25
804 25
553 25
908 25
133 25
631 25
1033 25
739 25
67 25
765 25
347 25
1019 25
865 25
105 25
858 25
333 25
124 25
1016 25
261 25
977 25
258 25
754 25
1002 25
797 25
1023 25
471 25
527 25
1004 25
813 25
1091 25
1150 25
1152 25
1032 25
488 25
802 25
791 25
401 25
179 25
11 25
405 25
612 25
336 25
131 25
871 25
431 25
429 25
807 25
906 25
990 25
195 25
607 25
180 25
273 25
207 25
534 25
649 25
994 25
229 25
886 25
19 25
653 25
226 25
1055 25
1059 25
403 25
1068 25
483 25
1133 25
1124 25
707 25
414 25
889 25
996 25
1163 25
479 25
1065 25
528 25
13 25
444 25
182 25
148 25
1153 25
954 25
591 25
1064 25
798 25
645 25
638 25
730 25
345 25
453 25
986 25
473 25
1003 25
745 25
417 25
428 25
1043 25
599 25
1129 25
1024 25
296 25
654 25
678 25
1159 25
733 25
667 25
885 25
544 25
830 25
28 25
774 25
698 25
615 25
387 25
1038 25
461 25
176 25
508 25
1083 25
633 25
482 25
759 25
988 25
700 25
1143 25
913 25
998 25
987 25
48 25
1097 25
420 25
218 25
575 1
575 627
575 83
575 25